tomato0.png 333,185,400,297,0 276,148,316,187,0 278,129,306,155,0 289,191,319,217,0 294,209,312,224,0 305,213,337,246,0 375,120,400,155,0 118,328,222,445,0 38,284,134,375,0 1,284,42,323,0 1,236,49,290,0 3,167,52,225,0 16,198,49,234,0
tomato1.png 466,12,500,48,0 473,0,500,15,0 439,23,475,70,0 449,0,491,26,0
tomato10.png 312,371,400,500,0
tomato100.png 0,262,58,346,0
tomato101.png 474,294,500,347,0 463,200,500,265,0 477,116,500,179,0 0,249,11,278,0 0,215,21,245,0 74,247,122,295,0 66,187,110,232,0 68,113,126,170,0 42,158,93,202,0
tomato102.png 119,424,206,500,0 150,328,258,433,0 245,357,339,452,0 237,444,300,500,0 206,233,317,346,0
tomato103.png 0,266,319,500,0
tomato104.png 211,315,400,500,0 235,93,400,357,0 116,148,318,402,0
tomato105.png 150,482,205,500,0
tomato106.png 330,293,371,332,0
tomato107.png 362,207,400,259,0 310,154,371,211,0 351,176,397,220,0
tomato108.png 100,375,179,400,0 93,315,156,372,0 46,312,106,373,0 150,286,211,354,0 193,244,255,304,0 177,184,246,251,0 116,222,182,296,0 148,86,230,165,0 95,134,169,209,0 42,44,122,120,0 113,0,190,55,0 408,261,442,295,0 395,220,435,258,0 369,236,404,272,0 376,167,420,207,0 359,194,395,230,0 360,124,404,160,0 340,144,379,176,0 338,75,392,121,0 324,100,359,134,0
tomato109.png 218,0,276,27,0 223,28,281,82,0 281,0,337,42,0
tomato11.png 216,327,262,367,0 227,286,272,324,0 195,293,240,333,0 230,234,276,270,0 204,236,243,276,0 223,182,273,223,0 366,299,439,376,0 360,208,444,286,0 415,234,485,308,0 364,113,439,194,0 415,148,494,224,0 379,12,467,96,0 421,67,500,145,0 421,1,500,42,0 63,115,80,133,0 78,111,94,125,0 75,87,97,105,0 64,94,83,114,0 77,66,100,87,0 66,72,85,92,0 140,65,179,102,0 110,48,150,90,0 147,28,189,66,0 120,8,161,48,0 160,1,200,24,0 50,29,70,48,0 69,19,91,37,0 52,12,71,32,0 71,1,93,19,0 52,1,75,8,0 266,61,284,79,0 265,38,286,57,0 268,16,289,39,0 291,11,310,30,0 297,1,315,8,0 274,1,294,12,0 1,373,34,400,0
tomato110.png 211,123,257,170,0 167,54,214,106,0 219,40,276,89,0
tomato111.png 372,272,467,400,0
tomato112.png 251,352,308,408,0 236,388,297,454,0
tomato113.png 237,10,286,62,0 202,1,256,34,0
tomato114.png 348,71,400,145,0
tomato115.png 58,466,163,500,0
tomato116.png 260,252,321,303,0 236,215,295,266,0 279,174,340,234,0
tomato117.png 405,175,463,230,0 335,156,390,224,0 358,61,422,143,0
tomato118.png 292,248,322,275,0 259,295,293,326,0 279,310,323,348,0 360,268,389,294,0 366,231,400,262,0 368,130,401,167,0 365,170,403,206,0 387,210,413,237,0 423,257,450,280,0 419,292,446,316,0
tomato119.png 372,107,413,157,0 350,126,384,168,0
tomato12.png 269,230,327,287,0 327,227,367,267,0 341,200,376,226,0 373,208,400,252,0 359,256,394,292,0 324,379,400,475,0 40,199,69,223,0 27,173,49,196,0
tomato120.png 129,0,161,24,0
tomato121.png 9,351,50,384,0 0,322,18,359,0
tomato122.png 104,1,149,30,0
tomato123.png 9,178,56,224,0 11,128,64,175,0 0,150,35,189,0 0,101,33,143,0 23,79,73,124,0 0,46,50,93,0
tomato124.png 367,393,400,500,0 371,308,400,377,0 363,189,400,253,0 136,45,172,79,0 127,73,151,97,0 12,0,53,32,0 22,38,65,79,0 17,94,56,128,0 5,62,45,102,0 0,10,12,48,0 0,382,47,437,0 2,330,40,364,0 0,300,35,333,0
tomato125.png 478,117,500,171,0 477,172,500,221,0 475,230,500,284,0 293,161,319,187,0 311,138,335,166,0 281,131,309,160,0 435,173,459,198,0 430,105,453,128,0 426,129,456,154,0
tomato126.png 11,352,54,391,0 32,318,61,341,0 0,268,50,315,0 45,291,75,321,0 56,262,84,289,0 336,363,358,383,0 355,355,380,378,0 333,335,362,362,0 357,316,388,340,0 334,294,362,322,0 360,276,385,298,0 327,254,356,278,0 338,230,367,253,0 344,197,379,225,0 363,217,384,236,0 378,200,397,218,0 380,189,395,202,0 151,193,184,222,0 134,136,171,166,0 161,118,195,147,0 132,237,148,252,0 119,243,135,257,0 118,225,135,240,0 70,201,89,223,0 98,204,115,220,0 110,177,125,191,0 123,187,137,201,0 85,126,105,143,0 70,134,88,150,0 67,117,86,135,0
tomato127.png 189,384,224,400,0
tomato128.png 434,238,487,278,0 445,212,498,247,0 435,175,492,222,0
tomato129.png 256,78,303,123,0 276,31,326,74,0 219,20,261,58,0 476,1,500,45,0
tomato13.png 279,270,416,400,0 377,86,500,268,0 406,62,449,101,0 427,28,456,51,0 391,0,445,25,0 440,1,470,31,0
tomato130.png 348,360,421,400,0 297,358,357,400,0 367,285,439,354,0 313,287,376,352,0 384,221,457,294,0 322,219,388,282,0 413,146,489,221,0 354,81,432,153,0 348,152,422,216,0
tomato131.png 143,318,184,360,0 257,281,316,353,0 174,259,250,349,0 64,0,241,165,0 13,61,176,226,0
tomato132.png 251,302,268,318,0 256,279,276,296,0 240,271,258,289,0 281,302,294,317,0 284,287,294,301,0 286,276,299,288,0 291,263,303,277,0 260,263,278,277,0
tomato133.png 0,70,26,139,0 0,0,44,64,0
tomato134.png 53,111,199,248,0 18,0,197,126,0
tomato135.png 91,139,177,222,0 162,115,245,192,0 73,48,167,142,0 160,28,247,115,0 64,1,150,59,0 255,371,400,497,0
tomato136.png 308,360,400,500,0 332,241,400,369,0 313,132,400,288,0 252,267,283,293,0 229,249,259,283,0 229,218,269,254,0 211,176,257,219,0 281,0,400,107,0 198,4,236,45,0
tomato137.png 215,319,292,396,0 266,274,353,351,0 216,200,308,292,0 176,225,260,308,0 171,104,273,201,0
tomato138.png 254,1,400,302,0 299,176,400,452,0 302,374,400,498,0
tomato139.png 0,229,69,307,0 0,115,50,204,0 50,137,137,238,0
tomato14.png 148,402,173,425,0 147,377,173,401,0 0,240,53,346,0 50,334,71,353,0 145,392,162,407,0
tomato140.png 300,72,351,151,0
tomato141.png 94,410,107,424,0 84,381,96,394,0 89,403,100,415,0 86,396,102,409,0 269,203,314,255,0 305,212,341,259,0 310,172,354,224,0 343,177,379,228,0 356,139,397,193,0
tomato142.png 206,131,257,179,0 233,177,277,225,0 184,180,230,230,0 215,239,264,286,0 151,244,201,293,0 203,293,254,336,0 172,327,221,372,0 206,359,251,399,0 191,397,234,431,0 359,478,400,500,0
tomato143.png 266,198,400,400,0 0,242,179,468,0
tomato144.png 131,209,160,233,0 153,188,178,215,0 167,143,190,166,0 164,116,192,141,0 171,98,194,120,0 4,304,43,340,0 94,120,121,147,0 103,192,129,215,0 87,210,106,227,0 219,58,237,75,0
tomato145.png 304,84,360,139,0 336,70,387,115,0 307,0,370,36,0 284,15,336,70,0 0,448,15,474,0 0,404,17,431,0 122,323,155,354,0 165,346,198,376,0 170,393,201,420,0 144,421,169,445,0
tomato146.png 73,148,109,182,0 441,72,500,161,0 384,6,477,84,0 0,33,12,48,0 0,20,17,35,0 0,0,16,10,0 32,0,55,10,0
tomato147.png 328,449,370,492,0 298,420,333,455,0 324,381,372,420,0 254,0,320,60,0 213,51,278,110,0 263,105,322,168,0
tomato148.png 436,107,500,225,0 390,112,490,207,0
tomato149.png 181,434,217,478,0 159,367,222,417,0 148,302,207,367,0 124,332,172,391,0 150,217,207,271,0 104,247,163,306,0 131,110,194,178,0 328,54,370,97,0 298,25,333,60,0 324,0,372,25,0
tomato15.png 331,15,400,101,0
tomato150.png 304,479,360,500,0 336,465,387,500,0 307,370,370,431,0 284,410,336,465,0 269,310,337,377,0
tomato151.png 323,438,391,495,0 139,440,227,500,0 121,415,196,494,0 102,304,209,394,0 141,342,236,433,0 136,249,246,335,0 120,183,229,292,0 145,137,243,229,0 34,81,77,122,0
tomato152.png 191,2,234,36,0 359,83,400,114,0 349,118,394,156,0
tomato153.png 215,29,292,106,0 266,1,353,61,0 181,1,250,19,0
tomato154.png 0,226,21,275,0 84,36,147,93,0 254,174,400,297,0
tomato155.png 223,1,400,354,0 254,316,399,500,0
tomato156.png 301,325,337,359,0 18,73,34,89,0
tomato157.png 343,111,400,248,0 308,0,400,126,0
tomato158.png 240,10,500,363,0
tomato159.png 225,0,400,357,0
tomato16.png 1,406,54,497,0 98,95,119,118,0 105,70,132,95,0 153,18,173,40,0 139,2,151,14,0 353,110,385,145,0
tomato160.png 247,240,343,346,0 166,252,266,343,0 340,334,361,353,0
tomato161.png 326,128,398,197,0 348,70,421,139,0 297,68,357,128,0 367,0,439,64,0 313,0,376,62,0
tomato162.png 163,82,265,187,0 222,1,330,98,0 53,54,167,165,0 55,1,174,45,0 202,1,304,27,0
tomato163.png 207,172,239,203,0 219,134,250,164,0 186,151,214,181,0 164,120,196,149,0 189,94,224,126,0
tomato164.png 0,339,169,400,0 0,86,145,268,0 11,62,54,101,0 32,28,61,51,0 0,0,50,25,0 45,1,75,31,0 336,73,358,93,0 355,65,380,88,0 333,45,362,72,0 357,26,388,50,0 334,4,362,32,0 360,0,385,8,0
tomato165.png 13,261,47,295,0 0,220,40,258,0 0,167,25,207,0
tomato166.png 136,440,172,474,0 127,468,151,492,0 13,332,59,378,0 12,386,53,427,0 22,433,65,474,0 17,489,56,500,0 5,457,45,497,0 0,405,12,443,0 374,87,400,113,0
tomato167.png 336,162,400,286,0 353,70,400,179,0 312,0,400,106,0
tomato168.png 360,311,400,371,0 374,220,400,299,0
tomato169.png 0,7,47,81,0
tomato17.png 1,209,137,366,0 1,49,169,220,0
tomato170.png 129,387,161,419,0 132,353,167,387,0 0,359,12,382,0 241,232,276,266,0 144,300,164,324,0 141,269,166,294,0 114,262,134,283,0 191,133,223,163,0 119,167,144,187,0 76,190,88,203,0 76,177,89,189,0 69,156,84,170,0 217,100,250,129,0 189,23,213,45,0 186,1,208,23,0 241,285,264,306,0
tomato171.png 159,189,400,500,0 5,1,170,124,0
tomato172.png 263,137,324,203,0 101,102,249,246,0 43,185,156,297,0 134,285,255,393,0 301,104,321,121,0 294,84,318,104,0 296,61,317,82,0 316,51,337,74,0 318,31,346,54,0 275,57,294,74,0 271,73,289,91,0 255,45,275,67,0 130,22,146,37,0 140,27,153,41,0 128,8,147,25,0 127,1,145,15,0 0,148,26,187,0 0,129,16,155,0 0,191,29,217,0 4,209,22,224,0 15,213,47,246,0 85,120,121,155,0
tomato173.png 106,0,143,21,0 108,36,141,67,0 82,60,108,88,0 45,310,69,336,0 54,269,80,293,0 36,234,73,262,0 321,245,386,315,0 384,271,400,330,0
tomato174.png 372,0,467,112,0
tomato175.png 53,165,93,199,0 50,131,87,170,0
tomato176.png 23,369,73,400,0 0,336,50,383,0
tomato177.png 21,231,60,276,0 65,231,103,277,0 48,185,82,226,0 66,140,100,185,0 90,182,124,237,0 105,142,147,193,0 119,96,164,141,0
tomato178.png 40,293,81,332,0 112,341,141,374,0 131,373,164,403,0 147,330,181,364,0 126,307,151,336,0 310,457,346,495,0
tomato179.png 291,0,400,117,0
tomato18.png 0,343,175,500,0 220,172,251,201,0 215,126,252,162,0 252,98,280,131,0 218,74,254,109,0 236,52,271,86,0 229,8,266,47,0 212,20,250,52,0
tomato180.png 203,228,251,284,0 181,0,240,47,0 168,173,221,219,0
tomato181.png 0,306,15,345,0 0,264,35,305,0 254,406,344,497,0 388,95,400,118,0
tomato182.png 173,419,258,492,0 336,323,374,369,0 384,302,400,344,0
tomato183.png 254,262,348,346,0
tomato184.png 371,249,406,278,0 388,215,416,245,0 361,199,388,226,0 469,247,500,295,0 461,187,500,232,0 463,113,500,170,0 437,158,488,202,0 206,235,222,249,0 207,209,220,225,0 189,219,210,233,0 186,197,203,211,0
tomato185.png 103,216,177,289,0 158,208,213,271,0 22,148,116,218,0
tomato186.png 0,0,319,170,0 0,198,267,500,0
tomato187.png 168,65,261,147,0 127,0,194,67,0
tomato188.png 144,0,398,106,0