tomato0.png 333,185,400,297,0 276,148,316,187,0 278,129,306,155,0 289,191,319,217,0 294,209,312,224,0 305,213,337,246,0 375,120,400,155,0 118,328,222,445,0 38,284,134,375,0 1,284,42,323,0 1,236,49,290,0 3,167,52,225,0 16,198,49,234,0
tomato1.png 466,12,500,48,0 473,0,500,15,0 439,23,475,70,0 449,0,491,26,0
tomato10.png 312,371,400,500,0
tomato100.png 0,262,58,346,0
tomato101.png 474,294,500,347,0 463,200,500,265,0 477,116,500,179,0 0,249,11,278,0 0,215,21,245,0 74,247,122,295,0 66,187,110,232,0 68,113,126,170,0 42,158,93,202,0
tomato102.png 119,424,206,500,0 150,328,258,433,0 245,357,339,452,0 237,444,300,500,0 206,233,317,346,0
tomato103.png 0,266,319,500,0
tomato104.png 211,315,400,500,0 235,93,400,357,0 116,148,318,402,0
tomato105.png 150,482,205,500,0
tomato106.png 330,293,371,332,0
tomato107.png 362,207,400,259,0 310,154,371,211,0 351,176,397,220,0
tomato108.png 100,375,179,400,0 93,315,156,372,0 46,312,106,373,0 150,286,211,354,0 193,244,255,304,0 177,184,246,251,0 116,222,182,296,0 148,86,230,165,0 95,134,169,209,0 42,44,122,120,0 113,0,190,55,0 408,261,442,295,0 395,220,435,258,0 369,236,404,272,0 376,167,420,207,0 359,194,395,230,0 360,124,404,160,0 340,144,379,176,0 338,75,392,121,0 324,100,359,134,0
tomato109.png 218,0,276,27,0 223,28,281,82,0 281,0,337,42,0
tomato11.png 216,327,262,367,0 227,286,272,324,0 195,293,240,333,0 230,234,276,270,0 204,236,243,276,0 223,182,273,223,0 366,299,439,376,0 360,208,444,286,0 415,234,485,308,0 364,113,439,194,0 415,148,494,224,0 379,12,467,96,0 421,67,500,145,0 421,1,500,42,0 63,115,80,133,0 78,111,94,125,0 75,87,97,105,0 64,94,83,114,0 77,66,100,87,0 66,72,85,92,0 140,65,179,102,0 110,48,150,90,0 147,28,189,66,0 120,8,161,48,0 160,1,200,24,0 50,29,70,48,0 69,19,91,37,0 52,12,71,32,0 71,1,93,19,0 52,1,75,8,0 266,61,284,79,0 265,38,286,57,0 268,16,289,39,0 291,11,310,30,0 297,1,315,8,0 274,1,294,12,0 1,373,34,400,0
tomato110.png 211,123,257,170,0 167,54,214,106,0 219,40,276,89,0
tomato111.png 372,272,467,400,0
tomato112.png 251,352,308,408,0 236,388,297,454,0
tomato113.png 237,10,286,62,0 202,1,256,34,0
tomato114.png 348,71,400,145,0
tomato115.png 58,466,163,500,0
tomato116.png 260,252,321,303,0 236,215,295,266,0 279,174,340,234,0
tomato117.png 405,175,463,230,0 335,156,390,224,0 358,61,422,143,0
tomato118.png 292,248,322,275,0 259,295,293,326,0 279,310,323,348,0 360,268,389,294,0 366,231,400,262,0 368,130,401,167,0 365,170,403,206,0 387,210,413,237,0 423,257,450,280,0 419,292,446,316,0
tomato119.png 372,107,413,157,0 350,126,384,168,0
tomato12.png 269,230,327,287,0 327,227,367,267,0 341,200,376,226,0 373,208,400,252,0 359,256,394,292,0 324,379,400,475,0 40,199,69,223,0 27,173,49,196,0
tomato120.png 129,0,161,24,0
tomato121.png 9,351,50,384,0 0,322,18,359,0
tomato122.png 104,1,149,30,0
tomato123.png 9,178,56,224,0 11,128,64,175,0 0,150,35,189,0 0,101,33,143,0 23,79,73,124,0 0,46,50,93,0
tomato124.png 367,393,400,500,0 371,308,400,377,0 363,189,400,253,0 136,45,172,79,0 127,73,151,97,0 12,0,53,32,0 22,38,65,79,0 17,94,56,128,0 5,62,45,102,0 0,10,12,48,0 0,382,47,437,0 2,330,40,364,0 0,300,35,333,0
tomato125.png 478,117,500,171,0 477,172,500,221,0 475,230,500,284,0 293,161,319,187,0 311,138,335,166,0 281,131,309,160,0 435,173,459,198,0 430,105,453,128,0 426,129,456,154,0
tomato126.png 11,352,54,391,0 32,318,61,341,0 0,268,50,315,0 45,291,75,321,0 56,262,84,289,0 336,363,358,383,0 355,355,380,378,0 333,335,362,362,0 357,316,388,340,0 334,294,362,322,0 360,276,385,298,0 327,254,356,278,0 338,230,367,253,0 344,197,379,225,0 363,217,384,236,0 378,200,397,218,0 380,189,395,202,0 151,193,184,222,0 134,136,171,166,0 161,118,195,147,0 132,237,148,252,0 119,243,135,257,0 118,225,135,240,0 70,201,89,223,0 98,204,115,220,0 110,177,125,191,0 123,187,137,201,0 85,126,105,143,0 70,134,88,150,0 67,117,86,135,0
tomato127.png 189,384,224,400,0
tomato128.png 434,238,487,278,0 445,212,498,247,0 435,175,492,222,0
tomato129.png 256,78,303,123,0 276,31,326,74,0 219,20,261,58,0 476,1,500,45,0
tomato13.png 279,270,416,400,0 377,86,500,268,0 406,62,449,101,0 427,28,456,51,0 391,0,445,25,0 440,1,470,31,0
tomato130.png 348,360,421,400,0 297,358,357,400,0 367,285,439,354,0 313,287,376,352,0 384,221,457,294,0 322,219,388,282,0 413,146,489,221,0 354,81,432,153,0 348,152,422,216,0
tomato131.png 143,318,184,360,0 257,281,316,353,0 174,259,250,349,0 64,0,241,165,0 13,61,176,226,0
tomato132.png 251,302,268,318,0 256,279,276,296,0 240,271,258,289,0 281,302,294,317,0 284,287,294,301,0 286,276,299,288,0 291,263,303,277,0 260,263,278,277,0
tomato133.png 0,70,26,139,0 0,0,44,64,0
tomato134.png 53,111,199,248,0 18,0,197,126,0
tomato135.png 91,139,177,222,0 162,115,245,192,0 73,48,167,142,0 160,28,247,115,0 64,1,150,59,0 255,371,400,497,0
tomato136.png 308,360,400,500,0 332,241,400,369,0 313,132,400,288,0 252,267,283,293,0 229,249,259,283,0 229,218,269,254,0 211,176,257,219,0 281,0,400,107,0 198,4,236,45,0
tomato137.png 215,319,292,396,0 266,274,353,351,0 216,200,308,292,0 176,225,260,308,0 171,104,273,201,0
tomato138.png 254,1,400,302,0 299,176,400,452,0 302,374,400,498,0
tomato139.png 0,229,69,307,0 0,115,50,204,0 50,137,137,238,0
tomato14.png 148,402,173,425,0 147,377,173,401,0 0,240,53,346,0 50,334,71,353,0 145,392,162,407,0
tomato140.png 300,72,351,151,0
tomato141.png 94,410,107,424,0 84,381,96,394,0 89,403,100,415,0 86,396,102,409,0 269,203,314,255,0 305,212,341,259,0 310,172,354,224,0 343,177,379,228,0 356,139,397,193,0
tomato142.png 206,131,257,179,0 233,177,277,225,0 184,180,230,230,0 215,239,264,286,0 151,244,201,293,0 203,293,254,336,0 172,327,221,372,0 206,359,251,399,0 191,397,234,431,0 359,478,400,500,0
tomato143.png 266,198,400,400,0 0,242,179,468,0
tomato144.png 131,209,160,233,0 153,188,178,215,0 167,143,190,166,0 164,116,192,141,0 171,98,194,120,0 4,304,43,340,0 94,120,121,147,0 103,192,129,215,0 87,210,106,227,0 219,58,237,75,0
tomato145.png 304,84,360,139,0 336,70,387,115,0 307,0,370,36,0 284,15,336,70,0 0,448,15,474,0 0,404,17,431,0 122,323,155,354,0 165,346,198,376,0 170,393,201,420,0 144,421,169,445,0
tomato146.png 73,148,109,182,0 441,72,500,161,0 384,6,477,84,0 0,33,12,48,0 0,20,17,35,0 0,0,16,10,0 32,0,55,10,0
tomato147.png 328,449,370,492,0 298,420,333,455,0 324,381,372,420,0 254,0,320,60,0 213,51,278,110,0 263,105,322,168,0
tomato148.png 436,107,500,225,0 390,112,490,207,0
tomato149.png 181,434,217,478,0 159,367,222,417,0 148,302,207,367,0 124,332,172,391,0 150,217,207,271,0 104,247,163,306,0 131,110,194,178,0 328,54,370,97,0 298,25,333,60,0 324,0,372,25,0
tomato15.png 331,15,400,101,0
tomato150.png 304,479,360,500,0 336,465,387,500,0 307,370,370,431,0 284,410,336,465,0 269,310,337,377,0
tomato151.png 323,438,391,495,0 139,440,227,500,0 121,415,196,494,0 102,304,209,394,0 141,342,236,433,0 136,249,246,335,0 120,183,229,292,0 145,137,243,229,0 34,81,77,122,0
tomato152.png 191,2,234,36,0 359,83,400,114,0 349,118,394,156,0
tomato153.png 215,29,292,106,0 266,1,353,61,0 181,1,250,19,0
tomato154.png 0,226,21,275,0 84,36,147,93,0 254,174,400,297,0
tomato155.png 223,1,400,354,0 254,316,399,500,0
tomato156.png 301,325,337,359,0 18,73,34,89,0
tomato157.png 343,111,400,248,0 308,0,400,126,0
tomato158.png 240,10,500,363,0
tomato159.png 225,0,400,357,0
tomato16.png 1,406,54,497,0 98,95,119,118,0 105,70,132,95,0 153,18,173,40,0 139,2,151,14,0 353,110,385,145,0
tomato160.png 247,240,343,346,0 166,252,266,343,0 340,334,361,353,0
tomato161.png 326,128,398,197,0 348,70,421,139,0 297,68,357,128,0 367,0,439,64,0 313,0,376,62,0
tomato162.png 163,82,265,187,0 222,1,330,98,0 53,54,167,165,0 55,1,174,45,0 202,1,304,27,0
tomato163.png 207,172,239,203,0 219,134,250,164,0 186,151,214,181,0 164,120,196,149,0 189,94,224,126,0
tomato164.png 0,339,169,400,0 0,86,145,268,0 11,62,54,101,0 32,28,61,51,0 0,0,50,25,0 45,1,75,31,0 336,73,358,93,0 355,65,380,88,0 333,45,362,72,0 357,26,388,50,0 334,4,362,32,0 360,0,385,8,0
tomato165.png 13,261,47,295,0 0,220,40,258,0 0,167,25,207,0
tomato166.png 136,440,172,474,0 127,468,151,492,0 13,332,59,378,0 12,386,53,427,0 22,433,65,474,0 17,489,56,500,0 5,457,45,497,0 0,405,12,443,0 374,87,400,113,0
tomato167.png 336,162,400,286,0 353,70,400,179,0 312,0,400,106,0
tomato168.png 360,311,400,371,0 374,220,400,299,0
tomato169.png 0,7,47,81,0
tomato17.png 1,209,137,366,0 1,49,169,220,0
tomato170.png 129,387,161,419,0 132,353,167,387,0 0,359,12,382,0 241,232,276,266,0 144,300,164,324,0 141,269,166,294,0 114,262,134,283,0 191,133,223,163,0 119,167,144,187,0 76,190,88,203,0 76,177,89,189,0 69,156,84,170,0 217,100,250,129,0 189,23,213,45,0 186,1,208,23,0 241,285,264,306,0
tomato171.png 159,189,400,500,0 5,1,170,124,0
tomato172.png 263,137,324,203,0 101,102,249,246,0 43,185,156,297,0 134,285,255,393,0 301,104,321,121,0 294,84,318,104,0 296,61,317,82,0 316,51,337,74,0 318,31,346,54,0 275,57,294,74,0 271,73,289,91,0 255,45,275,67,0 130,22,146,37,0 140,27,153,41,0 128,8,147,25,0 127,1,145,15,0 0,148,26,187,0 0,129,16,155,0 0,191,29,217,0 4,209,22,224,0 15,213,47,246,0 85,120,121,155,0
tomato173.png 106,0,143,21,0 108,36,141,67,0 82,60,108,88,0 45,310,69,336,0 54,269,80,293,0 36,234,73,262,0 321,245,386,315,0 384,271,400,330,0
tomato174.png 372,0,467,112,0
tomato175.png 53,165,93,199,0 50,131,87,170,0
tomato176.png 23,369,73,400,0 0,336,50,383,0
tomato177.png 21,231,60,276,0 65,231,103,277,0 48,185,82,226,0 66,140,100,185,0 90,182,124,237,0 105,142,147,193,0 119,96,164,141,0
tomato178.png 40,293,81,332,0 112,341,141,374,0 131,373,164,403,0 147,330,181,364,0 126,307,151,336,0 310,457,346,495,0
tomato179.png 291,0,400,117,0
tomato18.png 0,343,175,500,0 220,172,251,201,0 215,126,252,162,0 252,98,280,131,0 218,74,254,109,0 236,52,271,86,0 229,8,266,47,0 212,20,250,52,0
tomato180.png 203,228,251,284,0 181,0,240,47,0 168,173,221,219,0
tomato181.png 0,306,15,345,0 0,264,35,305,0 254,406,344,497,0 388,95,400,118,0
tomato182.png 173,419,258,492,0 336,323,374,369,0 384,302,400,344,0
tomato183.png 254,262,348,346,0
tomato184.png 371,249,406,278,0 388,215,416,245,0 361,199,388,226,0 469,247,500,295,0 461,187,500,232,0 463,113,500,170,0 437,158,488,202,0 206,235,222,249,0 207,209,220,225,0 189,219,210,233,0 186,197,203,211,0
tomato185.png 103,216,177,289,0 158,208,213,271,0 22,148,116,218,0
tomato186.png 0,0,319,170,0 0,198,267,500,0
tomato187.png 168,65,261,147,0 127,0,194,67,0
tomato188.png 144,0,398,106,0
tomato189.png 195,1,500,312,0 409,305,499,399,0
tomato19.png 0,10,276,363,0
tomato190.png 277,74,369,161,0 199,112,291,203,0 287,185,365,277,0 304,250,382,333,0 309,291,384,352,0 241,252,319,329,0 187,197,281,290,0 373,0,420,32,0
tomato191.png 416,317,492,394,0 442,222,500,299,0
tomato192.png 201,13,245,69,0 224,0,281,22,0
tomato193.png 86,360,119,397,0
tomato194.png 94,15,107,29,0 89,8,100,20,0 86,1,102,14,0 16,27,30,43,0 33,59,49,73,0
tomato195.png 179,122,248,189,0 186,217,247,273,0
tomato196.png 26,89,106,166,0 409,60,500,152,0 414,1,492,62,0
tomato197.png 254,389,320,455,0 213,446,278,500,0
tomato198.png 422,178,500,311,0 384,296,477,374,0 1,323,12,338,0 1,310,17,325,0 1,283,16,300,0 32,278,55,300,0 51,254,69,275,0 1,254,14,275,0 113,110,129,127,0 213,97,251,140,0 454,362,499,400,0
tomato199.png 14,119,50,155,0 20,160,59,198,0 31,198,75,235,0 7,225,46,262,0 1,187,36,230,0 4,14,43,50,0 119,223,192,289,0 89,253,150,304,0 133,184,191,234,0 112,286,186,358,0 80,305,150,367,0 113,356,185,400,0 86,363,144,400,0 1,240,12,278,0
tomato2.png 0,137,82,233,0 65,224,147,295,0 16,305,92,374,0 177,103,322,255,0 217,63,289,113,0
tomato20.png 157,297,174,334,0 162,339,185,378,0 158,381,188,409,0 152,406,187,439,0 281,333,306,357,0 254,366,287,398,0 340,213,376,240,0 369,326,400,388,0 40,197,75,228,0
tomato200.png 118,114,335,323,0 30,301,235,476,0 1,94,87,265,0 6,1,177,80,0
tomato201.png 235,224,303,291,0 238,62,289,106,0 79,78,122,120,0 82,35,132,91,0 37,67,88,109,0
tomato202.png 112,0,186,68,0 80,15,150,77,0 113,66,185,132,0 86,73,144,136,0 116,127,183,186,0 133,164,196,220,0 102,133,157,189,0
tomato203.png 0,138,148,319,0
tomato204.png 56,337,176,400,0 69,214,185,325,0 144,129,192,174,0
tomato205.png 318,159,373,224,0 361,172,400,231,0 320,99,382,159,0 323,43,391,100,0 139,45,227,122,0 121,20,196,99,0 141,0,236,38,0
tomato206.png 86,70,119,107,0 87,344,134,388,0 269,362,288,382,0 271,348,292,367,0 272,331,289,349,0 269,313,290,332,0 258,342,272,357,0 255,358,274,374,0 215,252,243,282,0 273,385,328,400,0 185,301,205,321,0
tomato207.png 201,408,245,464,0 224,367,281,417,0 176,353,224,402,0 205,299,239,329,0 226,272,253,306,0 245,336,282,366,0 229,228,269,263,0 240,195,280,226,0 264,164,300,200,0
tomato208.png 18,468,34,484,0
tomato209.png 1,98,25,117,0 4,39,26,62,0 0,26,10,50,0 250,134,283,167,0 221,120,256,158,0 412,184,439,211,0 439,164,469,194,0 434,130,466,159,0
tomato21.png 171,11,311,161,0 101,321,121,349,0 292,8,394,94,0
tomato210.png 0,238,202,470,0
tomato211.png 195,276,500,400,0 325,1,500,67,0
tomato212.png 277,364,369,400,0 373,278,420,322,0 374,197,422,242,0 357,230,406,272,0 319,150,372,197,0 337,185,383,230,0 410,81,477,139,0 399,8,473,85,0 333,0,375,28,0
tomato213.png 144,231,398,500,0
tomato214.png 192,292,283,375,0 168,460,261,500,0 127,381,194,462,0 0,0,135,233,0
tomato215.png 0,0,267,165,0
tomato216.png 183,156,216,195,0 186,127,223,160,0
tomato217.png 306,34,479,198,0 411,1,500,72,0 28,235,159,357,0 34,342,170,400,0 1,165,37,264,0 1,269,35,376,0 278,1,402,38,0
tomato218.png 263,198,400,500,0
tomato219.png 254,11,344,102,0 210,223,312,316,0
tomato22.png 11,222,60,267,0 13,172,61,222,0 34,178,81,217,0 40,222,74,265,0 23,131,68,176,0 0,94,45,165,0
tomato220.png 358,236,400,304,0
tomato221.png 41,410,134,496,0 67,313,169,407,0 0,319,67,402,0 137,207,216,277,0 164,141,234,210,0 173,24,258,97,0
tomato222.png 181,392,240,442,0
tomato223.png 79,0,153,37,0
tomato224.png 291,347,400,500,0 282,212,384,365,0
tomato225.png 26,318,63,350,0 54,336,98,369,0
tomato226.png 310,62,346,100,0
tomato227.png 272,65,334,115,0 289,3,340,63,0
tomato228.png 228,420,289,481,0 179,478,228,500,0
tomato229.png 200,133,237,169,0 175,117,209,156,0 177,84,210,121,0 210,99,244,134,0 210,57,246,92,0 293,77,326,107,0 315,57,343,84,0 349,85,365,103,0 312,16,346,49,0
tomato23.png 264,409,356,500,0 99,389,188,500,0 173,372,264,500,0 251,364,317,500,0
tomato230.png 29,319,142,400,0 34,180,140,274,0
tomato231.png 313,58,400,158,0 360,0,400,50,0
tomato232.png 0,278,25,322,0 0,197,27,242,0 15,81,82,139,0 4,8,78,85,0 272,0,329,23,0 279,17,329,59,0 336,0,387,28,0 326,24,371,60,0 417,12,451,45,0 402,0,431,25,0
tomato233.png 24,243,186,438,0 136,314,283,472,0 215,178,377,355,0 71,93,251,286,0 144,0,347,156,0 278,19,400,214,0
tomato234.png 34,1,91,23,0 30,27,82,68,0 204,318,245,360,0 225,264,269,310,0 221,451,321,500,0 20,127,62,171,0
tomato235.png 2,12,73,78,0 0,98,59,161,0 0,152,54,219,0 0,207,36,265,0 438,0,492,47,0 442,24,494,67,0
tomato236.png 225,202,356,320,0 341,213,400,339,0 215,89,378,224,0 274,0,400,124,0
tomato237.png 0,440,39,489,0 39,454,90,500,0 68,464,106,500,0 43,409,89,457,0 0,376,47,428,0
tomato238.png 159,410,206,460,0 127,371,172,418,0 153,348,207,401,0 134,284,200,342,0 114,310,165,358,0 100,218,159,284,0 142,192,207,252,0 136,98,206,166,0 344,59,384,95,0 309,29,355,70,0 343,0,389,33,0 298,0,338,12,0
tomato239.png 266,112,394,259,0 271,268,394,388,0
tomato24.png 99,389,190,477,0 252,287,303,340,0 258,226,311,275,0 374,36,400,93,0
tomato240.png 36,61,148,166,0 57,166,162,252,0 22,271,124,337,0 396,0,460,30,0 332,0,393,48,0 393,41,450,91,0
tomato241.png 277,116,397,230,0 155,168,268,287,0 144,285,264,400,0 285,361,404,400,0 0,10,40,61,0
tomato242.png 321,0,376,33,0 311,22,356,61,0
tomato243.png 299,353,338,390,0 291,252,337,299,0 260,221,303,269,0 294,192,341,240,0 317,392,343,400,0 397,360,416,377,0 399,377,422,399,0 468,362,492,382,0 462,373,485,392,0 461,389,484,400,0
tomato244.png 1,385,307,500,0 1,26,383,362,0
tomato245.png 169,391,199,412,0 157,374,188,398,0 2,225,75,298,0 19,163,85,228,0 44,258,93,310,0
tomato246.png 125,2,157,30,0 118,31,146,55,0 141,47,164,73,0 149,23,170,46,0 170,0,245,45,0 197,14,263,81,0 154,61,229,129,0 188,102,264,161,0 146,146,221,213,0 179,168,250,233,0 144,227,210,295,0 258,82,280,102,0 258,105,279,124,0 308,135,355,176,0 356,116,402,160,0 327,77,373,119,0 342,31,386,71,0 382,65,432,110,0 357,11,385,36,0 401,9,452,50,0 323,0,348,9,0 347,200,390,242,0 383,213,416,249,0 346,240,393,285,0 378,260,421,303,0 345,290,390,335,0 370,308,409,349,0 335,334,381,376,0 340,376,388,400,0 364,348,403,389,0
tomato247.png 89,109,206,212,0 54,22,167,135,0 19,1,150,42,0 132,53,218,152,0
tomato248.png 246,8,271,38,0 243,37,259,57,0 245,50,268,73,0 240,71,264,95,0
tomato249.png 295,396,336,441,0 262,366,312,414,0 296,331,340,376,0 251,321,301,369,0 300,259,350,309,0 243,272,294,321,0 258,211,311,271,0 307,193,363,256,0 166,24,214,79,0 210,12,263,62,0
tomato25.png 173,321,221,368,0 214,316,265,364,0 233,272,288,323,0 209,263,259,315,0 226,214,286,267,0
tomato250.png 0,93,173,399,0
tomato251.png 155,0,453,132,0
tomato252.png 448,10,500,68,0
tomato253.png 279,409,342,470,0 218,481,263,500,0
tomato254.png 1,291,33,334,0
tomato255.png 27,0,323,98,0 155,96,453,400,0
tomato256.png 279,14,342,75,0 218,86,263,117,0
tomato257.png 246,403,271,433,0 243,432,259,452,0 245,445,268,468,0 240,466,264,490,0 221,340,245,365,0 14,84,70,139,0 46,70,97,115,0 17,0,80,36,0 0,15,46,70,0
tomato258.png 0,8,84,115,0 432,170,455,197,0 443,129,471,160,0 40,140,61,163,0 14,159,38,182,0 30,171,56,195,0
tomato259.png 0,168,11,183,0 0,184,6,202,0 18,167,29,178,0 16,152,29,163,0 16,138,30,151,0 16,125,28,136,0 17,113,29,123,0 29,105,42,116,0 29,118,42,129,0 29,132,43,144,0 28,146,41,158,0 27,161,40,174,0 78,75,107,102,0 68,107,96,139,0 63,143,87,162,0 32,35,58,56,0 23,53,36,64,0 18,63,31,75,0 114,142,126,155,0 103,154,121,168,0 82,165,94,180,0 73,181,84,195,0 71,194,79,205,0 69,207,80,218,0 81,194,97,208,0 88,181,104,195,0 94,166,109,183,0 76,222,92,237,0 72,243,87,255,0 66,263,81,278,0 144,234,170,262,0 136,267,165,293,0 125,292,157,320,0 118,321,146,345,0 141,337,164,363,0 149,313,170,336,0 177,223,203,249,0 178,251,210,284,0 170,258,245,335,0 207,216,283,290,0 197,304,263,371,0 154,351,229,400,0 258,372,280,392,0 327,367,373,400,0 342,321,386,361,0 382,355,432,400,0 363,258,409,302,0 357,301,385,326,0 401,299,452,340,0 326,255,351,278,0 323,278,348,299,0 342,266,364,288,0 331,219,357,245,0 349,234,375,257,0 335,188,364,212,0 354,207,380,229,0 357,179,381,202,0 380,213,426,257,0 419,251,469,299,0 440,206,489,253,0 236,205,249,214,0 225,210,238,220,0 226,193,241,205,0 240,191,255,202,0 235,178,248,189,0 238,167,250,177,0 202,176,214,189,0 248,175,260,186,0 254,169,263,177,0 262,175,274,186,0 274,166,293,183,0 275,184,286,193,0 276,149,293,162,0 283,139,295,149,0 289,128,301,139,0 303,114,326,136,0 307,84,334,112,0 300,141,322,162,0 331,161,353,182,0 314,153,336,173,0
tomato26.png 0,125,107,270,0 33,260,159,379,0
tomato260.png 0,451,36,493,0 3,408,51,450,0 85,174,102,187,0 88,150,107,168,0 92,133,111,150,0 93,106,113,123,0 207,61,217,71,0 215,46,226,59,0 204,49,215,61,0 215,53,228,68,0 65,106,79,121,0
tomato261.png 169,0,199,17,0
tomato262.png 442,240,459,255,0 459,235,477,250,0 1,375,58,400,0 53,307,140,386,0 250,380,290,400,0 236,337,286,380,0 217,358,252,396,0 226,272,261,308,0 197,299,234,339,0 207,228,247,266,0 179,261,220,297,0 38,200,67,224,0 36,179,60,198,0 31,155,53,175,0 29,139,51,159,0 249,188,273,210,0 249,164,271,184,0 234,182,256,201,0 192,183,234,221,0 149,163,204,210,0 220,158,246,179,0 237,128,257,149,0 240,147,263,161,0 147,82,213,151,0 82,62,149,124,0 123,20,197,83,0 36,5,109,61,0 15,55,52,92,0 336,248,352,264,0 328,229,348,250,0 317,210,338,234,0 442,224,462,238,0 458,213,478,235,0 442,210,459,223,0 439,188,457,205,0 388,175,411,199,0 384,153,410,177,0 402,135,424,154,0 376,123,402,145,0 400,111,422,132,0 374,101,403,127,0 329,190,354,209,0 328,173,348,187,0 340,150,361,170,0 322,150,342,170,0 282,112,297,127,0 275,104,290,114,0 272,91,284,101,0 266,71,284,88,0 263,53,285,70,0 494,207,500,227,0 490,224,500,247,0
tomato263.png 1,25,370,500,0 324,405,395,500,0
tomato264.png 96,0,227,60,0 34,12,62,44,0
tomato265.png 216,367,264,400,0 209,320,255,363,0 254,298,303,344,0 268,339,315,382,0 199,269,251,317,0 256,251,301,291,0 94,206,115,228,0 292,122,330,162,0 319,147,341,173,0 299,63,338,100,0 317,102,343,127,0 397,70,416,87,0 399,87,422,109,0 396,106,419,125,0 398,121,417,137,0 468,72,492,92,0 462,83,485,102,0 461,99,484,119,0 458,115,478,134,0 458,130,479,150,0 455,146,480,167,0 455,161,478,179,0
tomato266.png 0,79,45,119,0 0,115,37,172,0 4,141,46,184,0 0,183,35,229,0 4,193,48,235,0 0,241,41,288,0 0,300,40,351,0
tomato267.png 321,380,376,428,0 311,417,356,456,0 111,138,134,167,0 132,121,158,143,0 104,95,126,121,0 124,88,152,110,0 134,56,163,82,0 104,67,121,86,0 100,34,126,62,0 167,62,258,154,0 285,0,394,52,0
tomato268.png 36,351,148,400,0 326,149,393,206,0 395,179,459,234,0 324,228,393,279,0 396,270,460,320,0 332,288,393,338,0 393,331,450,381,0 285,229,325,268,0 257,227,289,259,0 145,163,172,185,0 160,184,183,206,0
tomato269.png 31,0,86,33,0 21,22,66,61,0
tomato27.png 371,116,400,218,0 350,198,399,232,0
tomato270.png 344,454,384,490,0 309,424,355,465,0 343,390,389,428,0 298,372,338,407,0 285,7,351,70,0 242,53,311,116,0 284,103,352,166,0 259,149,323,212,0 284,215,347,274,0 310,178,378,246,0 338,247,393,300,0
tomato271.png 401,0,500,69,0
tomato272.png 21,449,64,496,0 33,382,77,433,0 82,359,126,402,0 37,334,85,371,0 102,103,145,144,0 67,162,104,196,0 0,146,34,188,0 0,89,36,136,0 0,45,39,94,0 39,59,90,112,0 34,109,82,157,0 68,69,106,113,0 72,114,110,153,0 43,14,89,62,0 0,0,47,33,0
tomato273.png 0,202,66,320,0 51,213,171,339,0 77,96,223,241,0 0,89,88,224,0 0,0,151,124,0
tomato274.png 296,458,346,500,0 255,482,289,500,0 237,351,277,385,0 162,390,196,421,0 190,369,202,383,0 65,335,92,357,0
tomato275.png 2,302,73,368,0 75,45,151,112,0 206,63,240,97,0 241,65,274,100,0 206,100,240,134,0 240,119,270,152,0 203,139,240,169,0 213,169,244,198,0 232,156,266,189,0 263,147,288,170,0 264,131,300,160,0 275,105,309,139,0 279,77,315,106,0 438,290,492,337,0 442,314,494,357,0 455,252,500,299,0 466,203,500,251,0
tomato276.png 274,356,400,500,0
tomato277.png 34,361,91,418,0 30,422,82,463,0 43,63,87,117,0 36,18,97,61,0
tomato278.png 264,283,321,328,0 282,226,334,289,0 221,235,280,287,0 238,178,282,226,0 275,152,327,198,0 232,115,282,168,0
tomato279.png 282,318,307,342,0 264,294,293,327,0 298,298,327,323,0 320,274,343,304,0 283,274,312,298,0 302,240,328,269,0 332,242,361,272,0 311,212,345,243,0 363,173,382,197,0 335,168,359,197,0 380,144,400,172,0 351,145,377,168,0 363,118,386,144,0 390,112,400,143,0
tomato28.png 229,441,276,487,0 275,412,325,464,0 229,382,282,435,0 233,323,294,380,0 280,358,321,406,0 247,252,306,307,0
tomato280.png 15,371,82,400,0 4,298,78,375,0 0,232,55,311,0 111,231,148,263,0 102,199,128,228,0 139,223,166,249,0 145,140,176,169,0 270,115,296,140,0 272,262,329,313,0 279,307,329,349,0 336,272,387,318,0 326,314,371,350,0 417,302,451,335,0 402,280,431,315,0
tomato281.png 298,486,335,500,0 307,452,342,487,0 281,455,311,488,0 286,420,315,457,0 330,407,359,442,0 254,316,279,347,0 241,291,268,319,0 276,282,307,321,0 300,259,327,289,0 323,230,356,264,0 56,439,79,463,0 49,420,65,436,0
tomato282.png 313,453,400,500,0 360,368,400,445,0
tomato283.png 44,287,156,387,0 24,216,124,287,0 27,143,132,234,0 29,29,142,129,0
tomato284.png 289,42,381,121,0 361,0,458,87,0 258,0,353,32,0
tomato285.png 228,25,289,86,0 179,83,228,130,0
tomato286.png 411,0,500,62,0 303,0,406,39,0
tomato287.png 28,13,142,129,0 2,132,115,245,0 0,126,52,219,0 0,229,60,331,0
tomato288.png 92,412,316,500,0
tomato289.png 304,0,382,43,0 309,1,384,62,0 241,0,319,39,0
tomato29.png 328,248,381,304,0 287,217,333,274,0 181,39,217,83,0 159,0,222,22,0
tomato290.png 0,444,30,500,0 236,430,275,464,0 224,406,262,440,0 324,407,352,439,0
tomato291.png 1,21,88,139,0 1,134,96,235,0 2,252,48,381,0
tomato292.png 289,332,381,400,0 361,283,458,377,0 319,208,422,300,0 258,229,353,322,0 295,111,393,201,0 263,100,353,196,0 22,135,53,163,0
tomato293.png 457,200,499,241,0 287,102,337,142,0 410,247,452,289,0
tomato294.png 82,226,234,370,0 26,323,177,400,0
tomato295.png 247,302,366,400,0 433,270,500,372,0 440,0,500,116,0
tomato296.png 24,76,61,122,0 21,42,61,87,0 19,1,73,26,0
tomato297.png 38,0,138,82,0
tomato298.png 83,13,154,82,0
tomato299.png 0,0,342,354,0 244,36,400,391,0 0,312,344,500,0
tomato3.png 189,356,251,400,0 372,55,403,85,0 353,63,387,98,0 351,26,391,62,0 350,1,402,20,0 1,185,16,219,0
tomato30.png 350,288,387,325,0 343,251,384,294,0 380,240,400,281,0 361,210,400,249,0 378,164,400,199,0 2,119,54,306,0
tomato300.png 103,335,180,400,0 32,293,103,362,0 92,259,171,320,0 59,133,137,199,0 126,86,201,164,0 40,62,122,136,0 106,1,195,67,0 13,1,103,49,0 50,378,111,400,0
tomato301.png 329,281,445,376,0 315,189,434,298,0 379,247,466,337,0 381,156,468,263,0 297,84,407,198,0 350,61,455,171,0 260,0,391,106,0
tomato302.png 120,25,217,121,0 136,80,229,138,0 21,158,53,193,0
tomato303.png 275,307,365,397,0 149,259,244,359,0 272,181,365,283,0 126,83,226,192,0 444,55,500,108,0 424,110,477,159,0 409,164,460,216,0 443,132,488,174,0 469,83,500,121,0 422,0,441,13,0
tomato304.png 353,153,400,217,0 306,207,368,271,0 226,212,275,254,0 214,162,262,210,0 258,140,300,185,0 257,193,305,240,0
tomato305.png 154,27,199,72,0 197,6,249,51,0
tomato306.png 0,380,68,491,0 0,175,99,280,0 0,28,97,136,0
tomato307.png 1,1,303,357,0 101,210,400,464,0 86,423,296,500,0
tomato308.png 359,418,400,492,0 365,368,400,460,0 295,1,336,46,0 262,0,312,19,0
tomato309.png 33,384,296,500,0 170,349,390,500,0 68,25,370,343,0 229,86,400,328,0
tomato31.png 376,285,488,394,0 242,200,370,319,0 229,225,262,258,0 205,196,236,233,0 232,181,271,216,0 204,156,239,188,0 233,146,272,181,0 208,120,246,157,0 422,121,443,142,0 414,102,437,125,0 427,93,450,114,0 415,71,439,95,0 424,61,449,87,0 413,47,439,68,0 418,36,442,55,0 469,30,486,47,0 415,3,440,25,0 410,17,432,38,0 434,17,453,40,0 437,1,461,17,0 398,1,421,14,0 322,47,350,72,0 307,36,332,59,0 293,373,364,400,0
tomato310.png 359,23,400,97,0 158,117,190,147,0
tomato311.png 0,423,97,500,0 0,266,71,386,0 0,166,22,205,0 0,129,35,163,0 0,107,22,145,0 0,56,36,98,0 3,13,51,55,0
tomato312.png 29,395,42,400,0 78,365,107,392,0 32,325,58,346,0 23,343,36,354,0 18,353,31,365,0 307,374,334,400,0 269,223,317,274,0 229,190,278,244,0 283,175,333,230,0 227,257,275,311,0 270,118,333,175,0 249,45,330,116,0
tomato313.png 154,317,199,362,0 197,296,249,341,0 197,231,249,281,0 136,251,191,304,0 133,191,194,244,0
tomato314.png 14,479,70,500,0 46,465,97,500,0 17,370,80,431,0 0,410,46,465,0 0,310,47,377,0
tomato315.png 0,67,46,195,0
tomato316.png 201,220,400,500,0
tomato317.png 189,365,267,400,0 108,324,210,400,0 142,234,239,323,0 147,96,254,193,0 254,160,348,246,0 275,17,365,107,0 149,0,244,69,0
tomato318.png 266,336,341,404,0 223,293,301,365,0 232,208,301,284,0 270,163,348,235,0 381,241,400,276,0
tomato319.png 255,268,316,322,0
tomato32.png 0,198,187,400,0
tomato320.png 96,343,227,455,0 34,407,62,439,0
tomato321.png 126,376,201,400,0 40,352,122,400,0 106,281,195,357,0 13,255,103,339,0 80,180,166,265,0 71,112,155,189,0 1,173,72,244,0 1,85,58,162,0 53,17,140,96,0 299,215,341,254,0 285,171,327,210,0 266,198,302,236,0 265,126,309,168,0 250,154,284,189,0 250,90,290,130,0 235,107,270,143,0 236,47,286,90,0 217,68,252,106,0 226,0,261,18,0 197,9,234,49,0
tomato322.png 203,12,400,431,0 1,270,342,500,0 1,1,358,183,0
tomato323.png 83,408,154,477,0
tomato324.png 38,270,138,372,0 45,0,155,116,0
tomato325.png 215,189,250,217,0 226,150,255,174,0
tomato326.png 285,402,351,465,0 242,448,311,500,0 132,349,172,390,0 131,420,176,475,0
tomato327.png 319,368,400,500,0 192,306,303,462,0
tomato328.png 0,343,68,500,0 0,165,112,336,0
tomato329.png 440,286,500,400,0
tomato33.png 414,392,437,400,0 427,383,450,400,0 415,361,439,385,0 424,351,449,377,0 413,337,439,358,0 418,326,442,345,0 469,320,486,337,0 415,293,440,315,0 410,307,432,328,0 434,307,453,330,0 437,287,461,307,0 423,267,444,292,0 398,280,421,304,0 440,254,465,275,0 435,218,462,242,0 465,241,481,255,0 421,233,443,254,0 404,228,424,246,0 401,220,419,235,0 418,202,440,222,0 401,199,423,219,0 428,177,453,202,0 402,178,421,199,0 413,163,437,184,0 399,155,419,178,0 453,154,466,167,0 450,168,464,183,0 438,146,454,163,0 322,337,350,362,0 307,326,332,349,0
tomato330.png 77,133,219,272,0 50,215,187,346,0 82,1,234,80,0 26,33,177,159,0 73,361,174,400,0
tomato331.png 407,247,453,294,0 410,192,449,241,0 457,170,495,215,0 411,122,455,175,0 470,110,500,152,0
tomato332.png 75,335,151,400,0 206,353,240,387,0 241,355,274,390,0 279,367,315,396,0 315,215,342,246,0 370,225,411,261,0 398,208,439,244,0 390,170,437,210,0 387,123,432,165,0 330,111,381,156,0 344,156,390,199,0 339,196,387,237,0
tomato333.png 79,263,161,345,0 153,222,250,318,0 265,125,309,171,0 182,134,256,213,0 296,63,346,112,0 255,87,289,122,0 162,0,196,26,0 135,282,185,340,0
tomato334.png 344,12,378,41,0 379,33,400,60,0 347,62,381,88,0 378,75,400,103,0 362,103,396,134,0 385,105,400,130,0 371,132,397,158,0 391,136,400,159,0 232,247,293,304,0 287,266,342,315,0 263,300,318,352,0 297,320,357,371,0 1,268,67,384,0 15,0,66,38,0 59,0,115,50,0 41,0,84,16,0 55,50,111,100,0 68,86,121,126,0 56,115,110,160,0 99,125,139,156,0 152,142,185,174,0 103,171,141,205,0 149,188,192,228,0 107,224,144,258,0 155,232,191,272,0 109,265,155,303,0 159,283,194,319,0 1,416,88,500,0
tomato335.png 0,159,68,302,0 0,59,77,185,0 0,0,147,62,0
tomato336.png 19,147,98,232,0 0,49,30,106,0 0,113,27,161,0 0,151,19,192,0 236,35,275,69,0 224,11,262,45,0 324,12,352,44,0
tomato337.png 0,11,88,110,0 49,0,84,31,0 97,0,122,8,0 120,0,151,29,0
tomato338.png 279,118,315,151,0 298,91,335,122,0 307,57,342,92,0 268,96,301,129,0 281,60,311,93,0 286,25,315,62,0 330,12,359,47,0 56,44,79,68,0 49,25,65,41,0
tomato339.png 28,408,142,500,0
tomato34.png 10,72,61,151,0
tomato340.png 253,228,274,252,0 246,132,263,150,0 246,148,263,165,0 244,162,264,180,0 331,133,365,163,0
tomato341.png 242,77,303,126,0
tomato342.png 318,13,400,129,0 292,132,400,245,0 257,126,342,219,0 239,229,350,331,0 218,246,310,345,0
tomato343.png 0,55,95,188,0
tomato344.png 1,288,61,407,0 324,361,381,418,0 320,422,372,463,0 333,63,377,117,0 326,18,387,61,0 1,105,87,211,0
tomato345.png 257,315,304,352,0 236,281,283,332,0 289,226,330,268,0 288,185,338,231,0 242,197,296,246,0 237,144,292,194,0 280,139,324,181,0 0,318,17,342,0 8,298,37,323,0 30,274,53,304,0 0,274,22,298,0 12,240,38,269,0 42,242,71,272,0 21,212,55,243,0 73,173,92,197,0 45,168,69,197,0 90,144,111,172,0 61,145,87,168,0 73,118,96,144,0 100,112,123,143,0
tomato346.png 0,280,216,500,0 9,207,257,450,0 55,47,168,160,0
tomato347.png 360,0,406,30,0
tomato348.png 134,1,177,19,0 129,19,172,62,0 90,1,127,23,0 101,49,137,90,0 122,78,161,114,0 114,109,153,141,0 459,80,500,194,0 456,219,500,315,0 401,252,500,359,0 319,223,377,267,0 279,123,326,170,0 337,156,369,191,0 330,194,367,232,0 285,172,330,207,0 285,215,322,252,0 445,2,500,36,0
tomato349.png 0,356,151,500,0
tomato35.png 264,14,356,157,0 99,0,188,138,0 173,0,264,125,0 251,0,317,108,0
tomato350.png 111,209,139,235,0 216,435,250,462,0 198,445,230,472,0 163,422,189,446,0
tomato351.png 25,31,49,56,0 44,43,66,64,0 48,20,71,45,0 24,13,48,32,0 14,41,36,68,0 121,56,141,75,0 116,37,132,55,0 224,24,242,42,0 228,0,247,18,0 430,101,483,153,0 474,98,500,152,0 482,54,500,98,0
tomato352.png 31,380,86,428,0 21,417,66,456,0 0,0,104,52,0
tomato353.png 47,240,64,255,0 64,235,82,250,0 219,283,244,309,0 327,239,392,298,0 47,224,67,238,0 63,213,83,235,0 47,210,64,223,0 44,188,62,205,0 1,175,16,199,0 1,153,15,177,0 7,135,29,154,0 5,111,27,132,0 99,207,118,227,0 95,224,114,247,0 286,196,312,221,0 372,168,422,216,0 381,124,436,170,0 388,74,441,125,0 454,208,478,229,0 451,177,476,200,0 450,147,480,176,0 453,105,495,152,0 451,53,496,98,0 357,136,374,151,0 349,113,368,128,0 382,372,444,400,0
tomato354.png 0,281,50,376,0 0,189,39,298,0 0,247,71,337,0 0,156,73,263,0 0,61,60,171,0
tomato355.png 67,95,92,124,0 451,38,492,99,0
tomato356.png 301,351,455,400,0 246,280,377,394,0 241,164,381,300,0
tomato357.png 271,288,396,400,0 197,322,293,400,0 301,137,431,267,0 224,156,338,279,0 247,12,366,132,0 433,0,500,82,0
tomato358.png 376,33,400,88,0 361,88,400,155,0 350,138,400,203,0
tomato359.png 345,348,400,440,0 342,252,400,366,0 348,149,400,273,0 359,14,400,142,0 344,453,400,499,0
tomato36.png 171,301,311,400,0 118,40,269,183,0 1,23,14,57,0 288,292,389,381,0
tomato360.png 69,418,177,492,0 75,368,186,460,0 93,257,214,373,0 106,181,219,270,0 5,1,46,46,0
tomato361.png 253,17,500,373,0 27,91,323,388,0 247,385,362,400,0
tomato362.png 207,47,276,111,0 181,116,247,183,0 121,113,163,155,0 147,44,209,104,0
tomato363.png 0,210,119,464,0
tomato364.png 69,101,124,151,0 53,46,105,98,0 90,25,145,77,0 47,0,79,10,0
tomato365.png 378,0,421,13,0 345,0,390,45,0 370,18,409,59,0 335,44,381,86,0 340,86,388,129,0 364,58,403,99,0
tomato366.png 344,216,375,251,0 207,337,276,400,0 147,334,209,394,0
tomato367.png 110,1,447,215,0 275,303,500,398,0 100,375,241,400,0
tomato368.png 368,441,397,479,0
tomato369.png 5,396,46,441,0 0,366,22,414,0 6,331,50,376,0 10,259,60,309,0 0,211,21,271,0 17,193,73,256,0 122,82,155,115,0
tomato37.png 18,360,197,500,0 42,241,203,369,0 23,132,188,288,0 0,0,175,107,0
tomato370.png 374,62,400,109,0 361,15,400,62,0
tomato371.png 53,10,113,68,0
tomato372.png 271,201,295,226,0
tomato373.png 343,54,400,165,0 348,1,400,50,0
tomato374.png 376,428,400,483,0
tomato375.png 76,240,128,292,0 15,262,62,313,0 24,200,76,255,0 85,181,140,237,0 26,143,88,203,0 87,123,142,176,0 39,68,105,133,0
tomato376.png 189,219,277,302,0 269,188,352,280,0 279,62,386,168,0 191,115,287,195,0 178,0,286,74,0
tomato377.png 376,463,400,500,0
tomato378.png 291,1,374,32,0 345,18,400,81,0 1,229,49,360,0
tomato379.png 1,0,307,283,0
tomato38.png 91,142,500,400,0 8,1,204,67,0 1,264,87,400,0
tomato380.png 219,0,244,19,0 232,302,339,397,0 253,249,371,365,0 284,386,326,400,0 406,222,455,267,0 408,172,456,222,0 429,178,476,217,0 435,222,469,265,0 418,131,463,176,0 366,94,440,165,0
tomato381.png 1,12,339,431,0 5,414,251,500,0
tomato382.png 168,160,272,264,0 190,5,303,129,0
tomato383.png 8,36,121,155,0 0,342,104,447,0 0,222,118,340,0
tomato384.png 296,239,352,289,0 255,213,298,256,0 159,15,206,65,0 127,0,172,23,0
tomato385.png 481,70,500,107,0 25,321,49,346,0 44,333,66,354,0 48,310,71,335,0 24,303,48,322,0 14,331,36,358,0 121,346,141,365,0 116,327,132,345,0 224,314,242,332,0 228,289,247,308,0 236,268,261,291,0 482,344,500,388,0
tomato386.png 22,0,124,47,0
tomato387.png 216,40,250,67,0 198,50,230,77,0 163,27,189,51,0
tomato388.png 179,1,326,151,0 329,46,396,112,0 397,12,468,78,0 382,98,454,161,0 376,152,449,219,0 319,107,387,166,0 319,161,385,219,0 360,207,431,265,0 245,180,315,276,0
tomato389.png 275,484,326,500,0 283,440,329,489,0 329,454,380,500,0 358,464,396,500,0 333,409,379,457,0 288,376,337,428,0 257,211,277,231,0
tomato39.png 363,48,400,142,0 354,1,400,59,0
tomato390.png 142,255,264,362,0 223,177,347,301,0 38,227,155,344,0 105,157,216,268,0 331,12,400,106,0
tomato391.png 134,180,184,222,0 146,213,190,254,0 114,225,151,257,0 134,265,177,309,0 129,309,172,352,0 90,273,127,313,0 101,339,137,380,0 122,368,161,400,0 445,215,500,346,0 421,33,500,159,0 467,150,500,247,0
tomato392.png 360,275,406,320,0
tomato393.png 55,442,168,500,0
tomato394.png 88,343,143,391,0 72,362,120,402,0 41,298,92,348,0
tomato395.png 169,1,330,150,0 253,1,365,63,0
tomato396.png 309,147,388,232,0 270,49,320,106,0 261,113,317,161,0 256,151,309,192,0 149,0,183,22,0 170,13,197,43,0
tomato397.png 312,275,360,320,0 315,305,364,355,0 248,337,287,379,0
tomato398.png 271,240,299,267,0 294,263,321,289,0 276,275,300,298,0 296,290,318,311,0 279,303,301,324,0 294,321,314,339,0 394,227,418,250,0 390,249,415,274,0 384,268,411,291,0 379,285,408,308,0
tomato399.png 225,0,323,49,0
tomato4.png 387,7,442,81,0 409,172,460,228,0 425,200,473,260,0
tomato40.png 0,231,108,500,0 111,240,389,500,0
tomato400.png 0,0,25,32,0
tomato401.png 184,315,231,357,0 161,354,205,394,0 200,349,235,385,0 162,396,199,433,0 192,387,227,425,0 150,406,183,437,0 172,434,208,474,0 207,425,242,472,0
tomato402.png 289,1,400,159,0 341,155,400,281,0
tomato403.png 313,224,366,281,0
tomato404.png 318,408,400,500,0
tomato405.png 1,283,63,377,0 1,214,29,295,0
tomato406.png 0,178,87,355,0 0,19,172,214,0
tomato407.png 485,365,500,385,0 483,395,499,400,0 423,393,449,400,0 421,364,449,387,0 431,342,460,370,0 452,334,477,360,0 452,377,475,400,0 296,122,477,302,0 289,21,440,186,0 261,289,306,336,0 305,313,350,357,0 311,357,353,388,0
tomato408.png 203,98,253,139,0 204,66,258,115,0 237,11,283,61,0 196,0,244,34,0
tomato409.png 109,312,152,349,0 102,264,148,307,0 324,1,381,23,0 320,27,372,68,0 85,207,137,260,0 93,288,119,319,0 86,242,117,271,0 310,126,348,171,0
tomato41.png 0,34,84,198,0 16,0,137,72,0
tomato410.png 144,341,347,500,0 293,416,399,500,0 368,279,400,411,0
tomato411.png 344,407,378,436,0 379,428,400,455,0 347,457,381,483,0 378,470,400,498,0 15,385,66,433,0 59,393,115,445,0 41,377,84,411,0 55,445,111,495,0 68,481,121,500,0
tomato412.png 315,96,357,144,0 311,54,354,101,0 323,0,367,38,0
tomato413.png 0,0,68,128,0
tomato414.png 63,190,179,302,0 61,119,163,202,0 56,47,176,152,0 69,0,185,35,0
tomato415.png 228,343,358,500,0 241,165,400,336,0 147,106,256,252,0 145,243,254,406,0
tomato416.png 0,402,61,465,0
tomato417.png 67,385,92,400,0
tomato418.png 0,336,51,404,0 0,163,58,235,0 215,207,273,264,0 91,241,119,276,0 181,179,223,229,0 262,105,278,121,0 232,109,245,122,0 218,116,231,128,0
tomato419.png 0,268,26,322,0
tomato42.png 331,410,400,496,0 357,313,400,407,0 275,319,357,402,0
tomato420.png 75,171,400,500,0
tomato421.png 20,0,290,209,0
tomato422.png 45,286,155,400,0 189,35,326,150,0
tomato423.png 316,86,377,141,0 360,161,400,222,0 354,0,400,45,0 376,71,400,119,0
tomato424.png 54,417,167,500,0 19,324,150,437,0 0,202,115,335,0 252,0,358,96,0
tomato425.png 53,376,277,500,0 205,339,379,500,0 5,183,257,417,0 168,152,377,343,0 33,0,296,263,0 170,0,390,163,0
tomato426.png 237,150,288,205,0 210,294,256,341,0 195,347,238,389,0 195,404,240,444,0 238,385,278,426,0 250,347,304,393,0 269,306,305,345,0 288,264,325,305,0
tomato427.png 209,348,344,484,0 323,369,400,494,0 322,204,400,330,0
tomato428.png 188,412,288,498,0 172,421,204,448,0 172,453,198,474,0 183,494,204,500,0 314,288,400,397,0 197,253,318,369,0 319,176,400,290,0 213,134,324,253,0 209,0,344,89,0 323,0,400,99,0
tomato429.png 0,0,68,96,0
tomato43.png 68,236,137,304,0
tomato430.png 53,0,277,190,0 205,0,379,142,0
tomato431.png 252,380,358,491,0 282,175,389,280,0 256,28,387,136,0 176,1,293,41,0 197,56,293,160,0
tomato432.png 110,163,447,400,0
tomato433.png 267,205,301,243,0 282,174,315,208,0 299,140,332,174,0 336,124,375,166,0 312,161,346,197,0 305,197,336,232,0 368,46,397,84,0
tomato434.png 214,207,277,272,0 189,287,255,357,0 163,339,245,412,0 135,412,188,458,0
tomato435.png 0,121,36,179,0 0,177,38,225,0 316,481,377,500,0 354,383,400,440,0 376,466,400,500,0
tomato436.png 63,153,123,217,0 16,207,78,271,0 95,274,164,345,0 0,193,15,240,0
tomato437.png 1,356,57,498,0 291,342,374,427,0 345,413,400,476,0 22,124,54,153,0 1,145,23,171,0 1,169,16,194,0 368,301,400,364,0
tomato438.png 376,68,400,107,0
tomato439.png 38,8,74,42,0 14,2,43,37,0
tomato44.png 205,32,221,56,0 183,22,207,48,0
tomato440.png 189,325,326,400,0 196,189,337,326,0 489,206,500,228,0
tomato441.png 75,0,400,120,0
tomato442.png 116,193,187,272,0 46,162,113,232,0 116,121,187,190,0 43,90,114,158,0 103,45,180,112,0 32,3,103,72,0 92,0,171,30,0
tomato443.png 0,0,344,302,0 9,176,329,452,0 20,370,290,500,0 231,241,400,446,0
tomato444.png 212,329,323,444,0 247,125,397,270,0 323,260,400,379,0
tomato445.png 9,270,125,398,0 8,431,121,500,0
tomato446.png 54,454,94,490,0 19,424,65,465,0 53,390,99,428,0 8,372,48,407,0 299,351,340,384,0 265,322,308,359,0 0,7,61,70,0 0,53,21,116,0 0,103,62,166,0 0,149,33,212,0 0,215,57,274,0 20,178,88,246,0 48,247,103,300,0
tomato447.png 190,400,303,500,0 0,283,31,328,0 0,226,44,289,0 0,152,37,198,0 314,76,351,122,0 311,42,351,87,0 309,1,363,26,0
tomato448.png 0,179,64,234,0 1,270,65,320,0 0,331,55,381,0 100,223,129,252,0 98,259,136,291,0 96,292,132,323,0 135,304,165,335,0 451,170,494,208,0 461,214,500,256,0 461,260,496,295,0
tomato449.png 228,0,358,128,0
tomato45.png 347,268,384,307,0 98,490,119,500,0 105,465,132,490,0 255,385,271,399,0 256,365,277,384,0 153,413,173,435,0 117,323,134,340,0 108,345,129,365,0 139,397,151,409,0 328,359,347,381,0 143,368,164,388,0
tomato450.png 240,144,288,186,0 238,179,288,226,0 238,224,293,270,0 179,234,230,284,0 177,199,222,242,0 188,162,234,205,0 421,323,500,400,0
tomato451.png 23,124,84,179,0 31,182,86,236,0
tomato452.png 0,0,21,52,0
tomato453.png 311,449,354,496,0 323,382,367,433,0 372,359,400,402,0 327,334,375,371,0 357,162,394,196,0 276,146,324,188,0 275,89,326,136,0 283,45,329,94,0 329,59,380,112,0 324,109,372,157,0 358,69,396,113,0 362,114,400,153,0 333,14,379,62,0 288,0,337,33,0
tomato454.png 110,176,194,248,0 79,168,155,248,0 92,100,166,176,0 160,92,244,181,0 331,407,400,500,0 286,224,400,369,0
tomato455.png 270,444,320,500,0 149,385,183,417,0 139,371,170,398,0 170,408,197,438,0 181,360,217,400,0
tomato456.png 221,292,329,389,0 225,352,323,444,0 242,163,364,285,0 210,144,312,255,0
tomato457.png 276,0,300,8,0 296,0,318,21,0 279,13,301,34,0 294,31,314,49,0 379,0,408,18,0
tomato458.png 0,414,172,500,0 74,255,280,450,0 92,17,316,229,0
tomato459.png 477,235,500,261,0 482,197,500,223,0 486,120,500,137,0 485,75,500,95,0 483,105,499,120,0 423,103,449,123,0 445,111,468,131,0 421,74,449,97,0 431,52,460,80,0 452,44,477,70,0 452,87,475,110,0 261,0,306,46,0 305,23,350,67,0 311,67,353,98,0 255,205,303,247,0 257,246,291,284,0 223,297,262,334,0 115,196,138,215,0 114,129,131,150,0 126,148,152,175,0 114,162,137,185,0 134,169,163,196,0 22,302,56,335,0 7,280,36,315,0
tomato46.png 306,324,479,400,0 266,161,438,335,0 411,209,500,362,0 393,49,500,220,0 279,0,416,135,0
tomato460.png 0,0,63,87,0
tomato461.png 162,1,199,38,0 192,0,227,30,0 150,11,183,42,0 172,39,208,79,0 207,30,242,77,0
tomato462.png 411,263,500,352,0 303,230,406,329,0 325,148,434,226,0
tomato463.png 439,287,500,387,0 419,216,500,287,0 422,143,500,234,0 424,29,500,129,0
tomato464.png 58,169,173,271,0 0,96,74,195,0
tomato465.png 0,267,80,350,0
tomato466.png 166,182,223,242,0 431,105,483,158,0 458,29,500,77,0
tomato467.png 107,307,242,417,0 99,223,242,371,0 14,115,169,272,0 1,237,139,371,0 1,0,105,111,0
tomato468.png 382,11,483,110,0 444,0,479,31,0
tomato469.png 133,490,157,500,0 132,465,157,490,0 267,172,291,192,0 272,202,296,223,0 279,226,294,243,0
tomato47.png 148,7,173,30,0 145,0,162,12,0
tomato470.png 0,298,71,445,0 3,172,133,298,0 47,63,181,210,0 314,243,400,438,0
tomato471.png 298,159,463,302,0 342,59,472,185,0 393,0,500,62,0 177,72,238,127,0 200,30,250,80,0 216,0,272,25,0 185,0,224,20,0 166,25,209,64,0
tomato472.png 443,48,500,124,0
tomato473.png 161,60,196,87,0 180,37,202,57,0 179,1,208,21,0
tomato474.png 37,217,72,254,0 72,196,108,237,0 69,148,114,194,0 25,173,65,217,0 353,180,392,219,0 470,335,500,400,0 352,122,392,161,0 179,376,216,400,0 182,338,218,374,0
tomato475.png 356,352,400,415,0 308,143,400,248,0 321,18,400,129,0
tomato476.png 373,408,400,477,0
tomato477.png 0,0,313,187,0 58,146,339,404,0 0,241,134,446,0
tomato478.png 2,109,34,140,0
tomato479.png 385,227,418,261,0 390,261,417,295,0
tomato48.png 1,285,44,354,0 1,221,62,294,0 18,146,94,221,0 1,81,37,153,0 1,152,27,216,0 216,37,262,77,0 227,1,272,34,0 195,3,240,43,0 366,9,439,86,0 1,360,24,400,0
tomato480.png 445,49,483,87,0 246,213,296,253,0 182,198,225,235,0 181,148,233,196,0 155,91,217,144,0 118,38,190,101,0 108,0,177,38,0 219,42,240,63,0 220,65,242,85,0 243,82,265,102,0 223,93,243,109,0 222,104,287,158,0
tomato481.png 0,220,259,500,0
tomato482.png 371,22,400,67,0
tomato483.png 0,349,100,500,0 0,86,180,328,0
tomato484.png 344,22,400,135,0 316,1,400,44,0 379,126,400,193,0
tomato485.png 296,413,361,485,0 251,372,331,440,0
tomato486.png 258,391,269,400,0 267,384,281,399,0 272,376,283,387,0 311,349,327,366,0 322,356,338,371,0 314,370,328,383,0 307,381,318,393,0 424,395,437,400,0 473,365,500,392,0 427,325,453,346,0 418,343,431,354,0 413,353,426,365,0
tomato487.png 69,23,177,97,0 75,0,186,65,0
tomato488.png 53,336,105,388,0 90,315,145,367,0 47,270,79,300,0 0,20,24,50,0 260,0,308,47,0 279,19,329,65,0 468,148,500,182,0 389,33,407,48,0 394,20,412,35,0 394,0,411,10,0 427,0,450,10,0
tomato489.png 165,47,209,86,0 200,61,240,101,0 141,78,182,118,0
tomato49.png 316,318,353,350,0 344,336,388,369,0 150,87,205,143,0
tomato490.png 165,442,209,481,0 200,456,240,496,0 141,473,182,500,0 177,191,203,227,0 217,161,242,193,0 243,137,267,165,0 245,158,271,188,0 209,179,238,210,0 265,9,300,42,0 371,98,396,130,0 355,117,376,143,0 353,100,377,127,0 0,14,52,75,0
tomato491.png 0,310,24,340,0 0,272,21,303,0 0,234,15,262,0 0,195,11,223,0 55,150,87,179,0 49,187,76,215,0 65,209,91,232,0 50,237,75,262,0 64,258,89,290,0 91,269,117,295,0 76,238,108,262,0 260,279,308,337,0 279,309,329,355,0 229,202,291,263,0 266,151,326,209,0 218,116,281,182,0 263,66,324,127,0 203,22,264,92,0 87,31,119,63,0 248,1,307,44,0 389,323,407,338,0 394,310,412,325,0 394,283,411,300,0 427,278,450,300,0 446,254,464,275,0 389,254,409,275,0
tomato492.png 344,417,400,500,0 309,324,400,437,0 268,202,400,335,0
tomato493.png 0,339,89,500,0 0,152,87,343,0 0,0,100,163,0
tomato494.png 281,111,317,150,0 312,127,336,163,0 272,161,308,196,0 178,130,197,152,0 201,123,217,140,0 192,140,209,157,0 196,156,212,172,0 247,183,263,195,0 257,197,272,211,0 251,166,267,179,0 255,149,271,163,0 258,128,273,143,0 251,119,264,132,0 255,107,268,120,0 258,101,269,112,0 267,94,281,109,0 272,86,283,97,0 311,59,327,76,0 322,66,338,81,0 314,80,328,93,0 307,91,318,103,0 377,108,387,118,0 375,117,385,127,0 384,114,394,123,0 383,121,395,132,0 368,170,386,187,0 363,187,381,204,0 390,168,406,183,0 383,184,401,202,0 377,203,396,220,0 374,221,391,238,0 413,167,424,178,0 411,152,424,163,0 411,138,425,151,0 411,125,423,136,0 412,113,424,123,0 424,105,437,116,0 424,118,437,129,0 424,132,438,144,0 423,146,436,158,0 422,161,435,174,0 473,75,500,102,0 463,107,491,139,0 458,143,482,162,0 427,35,453,56,0 418,53,431,64,0 413,63,426,75,0 477,165,489,180,0 468,181,479,195,0 466,194,474,205,0 464,207,475,218,0 476,194,492,208,0 483,181,499,195,0 489,166,500,183,0 471,222,487,237,0 467,243,482,255,0 461,263,476,278,0
tomato495.png 311,158,343,193,0
tomato496.png 0,0,259,128,0
tomato497.png 106,93,158,148,0 50,69,103,121,0 108,33,156,90,0 159,47,192,85,0 6,14,59,69,0 60,1,119,51,0 42,1,90,19,0 178,32,219,72,0
tomato498.png 279,352,386,400,0 178,256,286,364,0
tomato499.png 2,70,21,87,0 4,87,27,109,0 1,106,24,125,0 3,121,22,137,0 73,72,97,92,0 67,83,90,102,0 66,99,89,119,0 63,115,83,134,0 63,130,84,150,0 60,146,85,167,0 60,161,83,179,0 132,56,159,82,0 126,83,153,107,0 116,92,137,115,0 122,112,147,135,0 113,123,136,148,0 129,137,156,162,0 118,148,141,171,0 126,164,151,186,0 146,0,170,9,0 125,0,146,18,0 137,28,161,49,0 186,0,217,22,0 204,8,230,30,0 204,72,224,89,0 227,79,246,97,0 206,94,224,111,0 227,102,247,122,0 228,121,249,144,0 206,117,227,134,0 207,160,228,178,0 180,197,203,219,0 205,209,232,234,0 177,226,200,249,0 197,237,224,261,0 293,15,311,29,0 291,31,308,47,0 304,33,324,51,0 293,53,311,69,0 310,58,329,75,0 294,71,311,85,0 312,84,329,99,0 297,92,317,109,0
tomato5.png 69,460,101,489,0 61,424,92,452,0 273,359,302,382,0 265,322,291,348,0 254,338,277,362,0 264,294,292,320,0 257,268,281,293,0 241,314,272,339,0 240,291,263,311,0 102,278,125,300,0 90,258,108,281,0 80,245,96,262,0 195,253,222,278,0 183,220,217,247,0 178,190,211,220,0 366,190,378,203,0 366,177,379,189,0 359,156,374,170,0 206,173,231,200,0 199,142,231,170,0 30,300,46,315,0 23,277,41,295,0 20,252,38,273,0 15,234,34,250,0 176,156,195,178,0
tomato50.png 148,376,230,400,0 42,334,122,400,0 113,270,190,345,0 22,232,97,310,0 99,178,174,248,0 338,365,392,400,0 225,169,257,201,0 130,156,146,173,0 126,129,149,152,0 108,146,131,166,0 102,125,122,144,0 121,106,143,132,0 95,98,116,115,0 157,4,221,58,0 136,44,203,103,0 103,30,160,87,0
tomato500.png 61,133,400,492,0 337,54,359,78,0 348,70,368,89,0 351,40,377,64,0 342,25,365,50,0 189,19,259,89,0 16,95,32,109,0 20,81,39,99,0 21,61,45,83,0 38,24,52,38,0 43,11,58,24,0
tomato501.png 153,206,274,319,0 189,111,303,227,0 232,12,339,107,0 253,1,371,75,0 284,96,326,138,0 271,126,321,176,0
tomato502.png 0,36,284,391,0 0,323,313,500,0
tomato503.png 70,311,144,371,0 84,220,168,299,0 166,227,231,311,0 172,302,228,357,0 121,135,204,214,0 210,141,300,224,0
tomato504.png 481,360,500,397,0
tomato505.png 0,413,38,478,0
tomato506.png 167,162,197,190,0 174,195,200,220,0 182,217,209,244,0 187,240,213,268,0 191,176,219,205,0 263,306,288,330,0 273,327,299,355,0 268,359,301,388,0 274,386,304,400,0 399,274,455,323,0 385,206,441,252,0 377,155,423,196,0 489,346,500,367,0 494,367,500,385,0 143,380,164,400,0 163,386,186,400,0 72,248,94,267,0 82,276,105,296,0 94,290,114,308,0 69,223,93,245,0
tomato507.png 321,413,400,500,0 343,290,400,413,0 221,59,254,91,0 231,25,265,57,0 216,6,251,41,0 242,0,278,25,0
tomato508.png 292,472,372,500,0 324,415,394,483,0
tomato509.png 239,403,259,426,0
tomato51.png 0,0,282,192,0
tomato510.png 136,184,175,216,0 133,221,183,257,0 62,200,104,241,0 155,42,207,95,0 15,247,57,289,0
tomato511.png 217,176,270,221,0 194,120,246,172,0 230,101,284,149,0
tomato512.png 12,99,50,140,0 62,160,218,305,0 179,283,326,400,0 329,336,396,400,0 397,302,468,368,0 470,45,500,112,0 179,86,216,122,0 182,48,218,84,0
tomato513.png 342,349,472,400,0 393,204,500,352,0 177,362,238,400,0 200,320,250,370,0 216,265,272,315,0 196,218,250,273,0 185,270,224,310,0 166,315,209,354,0
tomato514.png 79,48,207,215,0 103,0,233,52,0 1,0,114,117,0
tomato515.png 167,251,219,304,0 115,249,153,294,0 156,217,197,254,0
tomato516.png 382,301,483,400,0 321,128,433,248,0 424,238,470,286,0 444,285,479,321,0 447,197,489,239,0 465,264,494,294,0 488,234,500,258,0 492,276,500,298,0 279,3,380,111,0 142,50,170,77,0 57,258,90,282,0 3,110,32,133,0 6,138,33,162,0 0,207,19,230,0 3,165,32,196,0 0,54,23,79,0
tomato517.png 46,323,84,369,0 94,302,144,344,0 307,421,337,455,0 273,423,302,454,0 284,450,317,487,0 295,399,329,427,0
tomato518.png 1,120,278,365,0
tomato519.png 355,165,400,237,0 309,102,390,181,0 305,1,384,59,0 0,228,81,339,0
tomato52.png 358,351,422,400,0
tomato520.png 98,0,317,89,0
tomato521.png 204,461,258,500,0 237,406,283,456,0 196,374,244,429,0 234,319,283,364,0 185,267,240,324,0
tomato522.png 151,142,186,174,0
tomato523.png 72,2,204,91,0
tomato524.png 144,1,264,111,0 285,71,404,195,0 170,172,282,293,0 301,218,417,337,0 182,299,299,400,0 319,358,415,400,0
tomato525.png 4,121,174,286,0 1,345,174,500,0 196,86,244,125,0 190,36,237,77,0 165,59,205,96,0 144,5,190,46,0
tomato526.png 378,0,476,35,0 420,209,500,374,0
tomato527.png 120,439,171,489,0 346,439,369,463,0 339,420,355,436,0 216,338,248,366,0 202,378,230,404,0 202,300,232,335,0 145,390,188,434,0
tomato528.png 111,373,184,446,0 69,411,116,455,0 30,340,103,409,0 99,262,170,335,0 7,239,94,312,0 146,123,172,150,0 133,95,157,119,0 132,70,157,95,0
tomato529.png 235,0,400,153,0
tomato53.png 128,120,199,185,0 128,187,207,245,0 147,243,212,293,0 193,243,249,287,0 203,183,274,241,0 186,133,251,182,0 189,66,251,132,0
tomato530.png 12,15,166,154,0 355,335,382,357,0
tomato531.png 276,42,308,73,0 259,11,287,40,0 282,18,309,44,0
tomato532.png 23,81,54,132,0 32,118,67,164,0 63,83,97,134,0 216,147,229,162,0 222,133,236,148,0 221,119,237,133,0 225,109,238,120,0 227,91,239,105,0
tomato533.png 27,150,134,281,0 29,0,150,149,0
tomato534.png 0,319,44,362,0 29,278,65,325,0 4,244,55,294,0 46,204,99,251,0 20,159,68,199,0 466,348,500,391,0 449,290,491,328,0 460,230,500,276,0
tomato535.png 3,282,85,348,0 3,222,80,298,0 1,161,80,231,0 35,182,101,242,0 35,110,96,176,0
tomato536.png 310,0,372,55,0 323,72,372,118,0 333,121,386,171,0 395,79,440,119,0 381,115,432,172,0 399,141,441,184,0 377,183,430,229,0 399,193,443,235,0 382,241,436,288,0 382,300,435,351,0
tomato537.png 31,245,96,315,0 94,271,140,330,0 394,67,400,86,0 390,34,400,62,0
tomato538.png 6,239,62,289,0
tomato539.png 266,361,400,500,0
tomato54.png 466,302,500,338,0 473,265,500,305,0 439,313,475,360,0 449,279,491,316,0 70,49,100,71,0 65,78,94,99,0 54,63,78,87,0
tomato540.png 370,108,391,134,0
tomato541.png 0,107,18,157,0 366,239,398,273,0 381,212,408,244,0 352,192,379,225,0 378,176,406,207,0 354,164,381,195,0 379,147,404,177,0
tomato542.png 0,0,173,179,0
tomato543.png 302,0,374,31,0 299,7,370,76,0 360,14,400,82,0
tomato544.png 445,339,483,377,0 155,381,217,400,0 118,328,190,391,0 108,258,177,328,0 219,332,240,353,0 220,355,242,375,0 243,372,265,392,0 223,383,243,399,0
tomato545.png 371,417,400,462,0
tomato546.png 258,0,400,139,0 317,167,400,312,0
tomato547.png 285,299,317,328,0
tomato548.png 296,18,361,90,0 251,0,331,45,0
tomato549.png 0,252,44,367,0 0,362,55,400,0
tomato55.png 118,0,222,50,0
tomato550.png 15,313,93,395,0 283,451,326,493,0 293,408,341,450,0 216,461,250,498,0 237,447,276,485,0 215,413,260,456,0 237,396,282,437,0 225,357,270,401,0 245,325,288,367,0 229,303,271,342,0 249,278,290,319,0 228,243,284,284,0 193,189,212,209,0 197,139,216,159,0 178,120,198,143,0 133,159,150,177,0 119,158,139,173,0 133,144,144,154,0 115,138,130,152,0 375,174,392,187,0 378,150,397,168,0 382,133,400,150,0 383,106,400,123,0 167,27,189,47,0 355,106,369,121,0
tomato551.png 296,94,400,223,0 304,241,400,357,0
tomato552.png 303,189,400,289,0 365,8,479,115,0 435,140,456,163,0 409,159,433,182,0 425,171,451,195,0
tomato553.png 69,409,202,500,0 195,9,240,49,0 238,0,278,31,0
tomato554.png 380,342,400,411,0 188,17,288,103,0 172,26,204,53,0 172,58,198,79,0 183,99,204,115,0
tomato555.png 265,404,300,437,0 0,409,52,470,0
tomato556.png 222,390,330,493,0 187,310,313,416,0 53,449,167,500,0 55,348,174,440,0 52,252,185,366,0 188,221,311,327,0 58,149,191,273,0 191,110,313,224,0 69,14,202,142,0
tomato557.png 100,93,400,399,0 1,36,172,365,0 10,407,360,500,0
tomato558.png 256,423,387,500,0 221,266,361,386,0 176,325,293,436,0 156,160,271,281,0 271,166,312,205,0 287,129,325,163,0 275,107,312,145,0 283,56,326,98,0 293,13,341,55,0 216,66,250,103,0 237,52,276,90,0 215,18,260,61,0 237,1,282,42,0 196,448,272,500,0
tomato559.png 329,85,400,244,0 213,205,364,352,0 258,382,400,500,0 135,17,188,63,0
tomato56.png 236,0,297,59,0
tomato560.png 0,0,115,139,0 121,57,278,218,0 27,167,172,312,0 302,360,374,426,0 299,402,370,471,0 360,409,400,477,0
tomato561.png 0,361,173,500,0
tomato562.png 38,298,74,332,0 14,292,43,327,0
tomato563.png 304,308,392,393,0
tomato564.png 196,47,400,444,0
tomato565.png 212,1,323,49,0 1,56,88,311,0
tomato566.png 2,360,21,377,0 4,377,27,399,0 73,362,97,382,0 67,373,90,392,0 66,389,89,400,0 132,346,159,372,0 126,373,153,397,0 116,382,137,400,0 146,277,170,299,0 125,289,146,308,0 137,318,161,339,0 189,254,216,277,0 215,264,239,287,0 186,283,217,312,0 204,298,230,320,0 188,231,214,251,0 126,264,147,284,0 204,362,224,379,0 227,369,246,387,0 206,384,224,400,0 227,392,247,400,0 293,305,311,319,0 291,321,308,337,0 304,323,324,341,0 293,343,311,359,0 310,348,329,365,0 294,361,311,375,0 312,374,329,389,0 297,382,317,399,0 285,252,304,270,0
tomato567.png 205,229,330,353,0 384,59,400,119,0
tomato568.png 54,59,94,95,0 19,29,65,70,0 53,0,99,33,0 8,0,48,12,0
tomato569.png 309,150,362,203,0 316,187,364,230,0 307,225,361,278,0 316,249,366,291,0 310,289,372,345,0 323,362,372,400,0 395,369,440,400,0 263,16,288,40,0 273,37,299,65,0 268,69,301,98,0 274,96,304,118,0 258,155,282,176,0 239,169,264,188,0 260,176,285,199,0 242,190,268,215,0 262,197,285,223,0 399,0,455,33,0 489,56,500,77,0 494,77,500,95,0 143,90,164,111,0 163,96,186,117,0 147,115,170,135,0 166,124,187,140,0 94,0,114,18,0
tomato57.png 128,468,167,500,0 146,447,187,493,0 159,400,206,454,0 164,416,211,467,0 163,356,210,409,0 162,297,203,352,0 194,326,235,383,0 169,65,206,106,0 175,100,206,132,0
tomato570.png 394,462,400,481,0 390,429,400,457,0 29,158,89,213,0 0,99,70,159,0 0,124,30,179,0 0,18,38,83,0
tomato571.png 1,0,65,30,0 0,41,55,91,0 96,2,132,33,0 135,14,165,45,0
tomato572.png 167,1,238,43,0 15,9,36,33,0 116,1,142,21,0 119,24,142,46,0 141,19,173,49,0 141,1,170,20,0 120,94,153,119,0 123,118,151,144,0 118,144,147,168,0 100,106,125,131,0 86,92,109,115,0 308,148,326,165,0 276,147,293,167,0 209,60,224,75,0 215,52,233,67,0 214,36,234,53,0 202,43,218,60,0 200,58,215,73,0 310,14,355,54,0 315,1,366,18,0 268,15,312,58,0 420,31,444,56,0 439,43,461,64,0 443,20,466,45,0 419,13,443,32,0 409,41,431,68,0 369,26,389,46,0 390,31,409,51,0
tomato573.png 12,247,58,294,0 15,192,54,241,0 62,170,100,215,0 16,122,60,175,0 75,110,120,152,0
tomato574.png 23,476,54,500,0 63,478,97,500,0 227,486,239,500,0
tomato575.png 221,454,254,486,0 231,420,265,452,0 216,401,251,436,0 242,386,278,420,0 225,360,259,394,0 241,345,279,379,0 233,311,268,345,0
tomato576.png 251,142,316,207,0 292,77,372,160,0 324,20,394,88,0
tomato577.png 29,368,150,500,0 239,8,259,31,0
tomato578.png 369,263,400,345,0
tomato579.png 11,249,76,307,0 0,288,21,342,0 0,133,24,192,0
tomato58.png 150,160,348,350,0 1,181,143,379,0 73,1,260,170,0 1,1,84,166,0
tomato580.png 235,280,400,500,0 299,207,400,450,0 345,47,400,160,0
tomato581.png 62,161,93,190,0 64,127,99,158,0 47,144,76,169,0 50,104,77,131,0 347,223,400,275,0 362,176,418,227,0 386,109,437,156,0 332,104,380,152,0 420,60,469,115,0 444,9,500,57,0 356,62,413,107,0 375,7,432,65,0 319,94,340,115,0 321,66,344,86,0 206,65,224,84,0 215,59,233,74,0 53,46,90,75,0 27,27,56,57,0 57,20,93,49,0 18,1,51,27,0 129,77,158,100,0 127,46,154,68,0 203,46,218,62,0 213,41,230,55,0 206,17,225,37,0 198,22,216,39,0 147,12,168,33,0 124,13,153,38,0 151,1,172,19,0 116,1,136,11,0
tomato582.png 111,0,184,51,0 69,16,116,60,0
tomato583.png 325,50,437,148,0 326,157,419,245,0 378,234,476,325,0 434,202,500,287,0 441,119,500,212,0 307,190,403,273,0
tomato584.png 120,44,171,94,0 346,44,369,68,0 339,25,355,41,0 202,0,230,9,0 145,0,188,39,0
tomato585.png 369,201,400,237,0 307,26,337,60,0 273,28,302,59,0 284,55,317,92,0 295,4,329,32,0
tomato586.png 223,7,262,44,0 22,12,56,45,0 7,0,36,25,0
tomato587.png 161,106,222,169,0 0,64,30,122,0
tomato588.png 196,481,244,500,0 190,431,237,472,0 165,454,205,491,0 144,400,190,441,0
tomato589.png 389,1,496,99,0 323,42,427,136,0 279,293,380,400,0 142,340,170,367,0 0,344,23,369,0
tomato59.png 97,0,284,125,0 73,178,241,354,0 256,138,400,319,0
tomato590.png 70,378,194,480,0 80,231,213,355,0 66,158,195,273,0 0,89,64,157,0 48,123,114,185,0 3,8,85,91,0 70,1,137,57,0
tomato591.png 85,109,324,355,0 258,55,385,188,0 98,319,317,484,0
tomato592.png 375,373,426,400,0 354,346,400,391,0 397,296,446,341,0 365,252,415,296,0
tomato593.png 308,199,374,265,0 123,37,163,82,0
tomato594.png 390,81,400,98,0 383,62,400,82,0 332,130,364,163,0 349,156,373,182,0 334,174,370,209,0
tomato595.png 16,263,105,352,0 0,148,39,226,0
tomato596.png 79,443,207,500,0 103,286,233,447,0 1,347,114,500,0 0,212,94,365,0
tomato597.png 220,456,270,500,0 322,174,370,226,0
tomato598.png 17,421,47,455,0 0,423,12,454,0 0,450,27,487,0 5,399,39,427,0
tomato599.png 65,165,134,237,0 19,102,100,181,0 89,35,169,118,0 15,1,94,59,0
tomato6.png 150,0,348,60,0 1,0,143,89,0 448,165,488,199,0 445,131,482,170,0
tomato60.png 56,170,99,208,0 102,184,141,218,0 66,214,106,256,0 66,260,101,295,0 110,231,160,274,0 190,189,237,238,0
tomato600.png 48,132,101,202,0 55,56,91,94,0 27,83,71,145,0 41,8,77,47,0 25,28,58,75,0 91,140,131,199,0
tomato601.png 160,445,275,500,0 106,352,249,482,0 173,243,308,358,0 199,67,336,195,0
tomato602.png 54,12,88,41,0 89,33,125,60,0 57,62,91,88,0 88,75,124,103,0 72,103,106,134,0 95,105,119,130,0 81,132,107,158,0 101,136,123,159,0 131,0,152,19,0 0,266,52,315,0 0,300,28,352,0 7,320,67,371,0
tomato603.png 2,472,82,500,0 34,415,104,483,0 369,168,400,248,0
tomato604.png 313,81,344,132,0 322,118,357,164,0 353,83,387,134,0
tomato605.png 364,0,416,52,0
tomato606.png 65,0,197,67,0
tomato607.png 299,270,400,398,0 194,411,314,500,0 298,431,400,500,0
tomato608.png 390,344,418,369,0 4,274,60,323,0 0,206,46,252,0 0,155,28,196,0 105,332,126,351,0 94,346,115,367,0 99,367,115,385,0 110,352,131,374,0 112,366,137,391,0
tomato609.png 0,212,13,244,0 462,95,487,124,0 369,198,401,231,0 0,176,11,207,0 0,147,9,177,0
tomato61.png 0,0,115,177,0
tomato610.png 106,383,158,400,0 50,359,103,400,0 108,323,156,380,0 159,327,203,375,0 6,304,59,359,0 60,290,119,341,0 11,232,66,286,0 42,272,90,309,0 92,51,122,88,0 67,43,97,79,0 44,19,74,55,0 433,8,469,42,0 409,2,438,37,0
tomato611.png 266,0,400,179,0
tomato612.png 1,239,152,492,0 167,356,347,498,0 312,124,344,153,0 282,145,313,171,0 281,169,306,194,0 132,80,189,133,0 191,75,208,89,0 192,52,208,67,0 191,67,205,80,0 47,54,69,78,0 58,70,78,89,0 61,40,87,64,0 52,25,75,50,0
tomato613.png 112,170,166,233,0 131,127,203,186,0 131,75,203,136,0 86,33,144,88,0 71,88,134,155,0 60,138,123,203,0
tomato614.png 0,299,27,328,0
tomato615.png 390,310,419,340,0 359,296,391,326,0 385,272,416,303,0 349,257,379,286,0 377,234,410,262,0 372,195,406,223,0 450,150,482,179,0 444,187,471,215,0 460,209,486,232,0 445,237,470,262,0 459,258,484,290,0 486,269,500,295,0 471,238,500,262,0 482,31,500,63,0
tomato616.png 323,146,423,255,0 325,252,439,367,0 348,362,450,400,0 189,75,267,155,0 108,34,210,120,0 142,0,239,33,0
tomato617.png 6,18,71,90,0 0,0,41,45,0 355,324,400,462,0
tomato618.png 87,102,142,159,0 95,52,155,104,0 79,4,132,57,0
tomato619.png 0,348,54,484,0 33,369,149,494,0 32,204,155,330,0
tomato62.png 69,65,101,94,0 61,29,92,57,0
tomato620.png 190,168,244,218,0 137,133,207,197,0 183,90,242,149,0 109,62,190,138,0 166,7,227,68,0 103,14,159,66,0 154,204,205,259,0 226,0,313,40,0
tomato621.png 6,413,71,485,0 0,372,41,440,0
tomato622.png 215,267,274,331,0 282,235,324,282,0 258,211,300,259,0 269,171,306,211,0 302,189,343,231,0 294,273,327,303,0 369,319,388,340,0
tomato623.png 0,47,361,444,0 167,0,347,103,0
tomato624.png 373,13,400,82,0
tomato625.png 0,171,114,500,0 91,68,396,452,0
tomato626.png 397,109,429,140,0 83,117,140,171,0 82,172,137,221,0 80,230,144,284,0 40,173,64,198,0 35,105,58,128,0 31,129,61,154,0
tomato627.png 462,385,487,400,0 257,157,275,182,0 0,227,23,261,0 0,261,22,295,0
tomato628.png 178,271,198,295,0 195,254,214,274,0 201,274,219,290,0
tomato629.png 92,341,122,378,0 67,333,97,369,0 44,309,74,345,0 433,298,469,332,0 409,292,438,327,0 352,248,384,284,0 219,231,253,263,0
tomato63.png 167,449,214,500,0 219,435,276,484,0 246,352,305,401,0 236,281,288,332,0
tomato630.png 191,255,232,295,0 164,223,204,265,0 205,214,250,257,0 174,178,209,217,0 207,171,253,211,0 180,103,211,131,0 216,77,264,122,0 261,100,306,144,0 209,30,255,73,0 254,8,303,54,0 268,49,315,92,0 199,0,251,27,0
tomato631.png 104,490,126,500,0 124,483,152,500,0 134,451,163,477,0 104,462,121,481,0 100,429,126,457,0 167,457,258,500,0 194,16,314,159,0 298,36,400,155,0 285,342,394,447,0 283,222,400,340,0 193,304,298,409,0 121,200,138,224,0 148,164,172,190,0 115,246,133,264,0 116,275,137,295,0 168,177,267,252,0
tomato632.png 452,258,485,282,0 361,158,394,188,0 398,110,427,133,0 401,138,428,162,0 365,127,394,151,0 359,221,384,244,0 391,207,414,230,0 361,193,391,215,0 398,165,427,196,0 390,54,418,79,0 0,369,45,400,0 4,0,60,33,0 105,42,126,61,0 94,56,115,77,0 99,77,115,95,0 110,62,131,84,0 112,76,137,101,0
tomato633.png 214,216,295,292,0 169,181,230,244,0
tomato634.png 406,249,471,307,0 364,288,416,342,0 316,199,384,263,0 358,133,419,192,0 334,68,401,130,0 1,12,34,52,0
tomato635.png 174,190,239,252,0 173,139,242,195,0 185,89,256,162,0 65,324,197,462,0
tomato636.png 1,384,42,400,0 1,328,36,367,0 350,344,374,370,0 336,325,361,350,0 324,285,355,316,0 329,271,361,294,0 325,247,359,273,0 321,215,356,244,0 317,200,347,225,0
tomato637.png 25,96,67,144,0 21,54,64,101,0 33,0,77,38,0
tomato638.png 354,378,387,400,0 216,252,289,322,0 216,189,260,229,0 228,229,270,261,0 167,208,191,235,0 432,217,467,254,0 467,196,500,237,0 464,148,500,194,0 420,173,460,217,0 294,229,367,299,0
tomato639.png 356,0,400,20,0
tomato64.png 302,0,343,32,0 312,38,355,79,0 307,94,346,128,0 295,62,335,102,0 271,10,302,48,0 243,219,300,281,0 198,253,253,311,0 213,311,274,365,0 218,370,276,422,0 223,423,281,477,0 281,382,337,437,0 292,330,330,364,0 288,300,325,333,0
tomato640.png 328,227,400,344,0 0,142,26,207,0 2,77,82,160,0 34,20,104,88,0
tomato641.png 159,313,189,340,0 146,284,182,319,0 54,407,88,436,0 89,428,125,455,0 57,457,91,483,0 88,470,124,498,0 131,391,152,414,0
tomato642.png 127,141,264,274,0 160,50,275,161,0 106,0,249,87,0
tomato643.png 174,177,216,224,0 197,115,243,161,0 243,106,291,152,0 220,61,270,108,0
tomato644.png 1,365,105,500,0
tomato645.png 79,201,111,237,0 17,26,47,60,0 0,28,12,59,0 0,55,27,92,0 5,4,39,32,0
tomato646.png 155,0,191,16,0
tomato647.png 100,388,127,400,0 90,365,108,385,0 101,355,122,373,0 88,395,104,400,0 28,393,54,400,0 26,364,54,387,0 36,342,65,370,0 57,334,82,360,0 57,377,80,400,0 1,122,82,302,0 1,29,58,136,0
tomato648.png 16,0,105,62,0
tomato649.png 278,267,370,350,0 0,137,34,203,0 11,104,31,121,0 4,84,28,104,0 6,61,27,82,0 26,51,47,74,0 28,31,56,54,0
tomato65.png 79,262,153,327,0 124,219,190,286,0 101,151,177,211,0 56,175,117,243,0 100,85,179,146,0 42,104,108,165,0 93,25,156,82,0 46,22,106,83,0 150,0,211,64,0
tomato650.png 0,1,134,159,0 131,52,267,204,0 51,155,202,281,0 341,388,400,471,0 272,425,349,500,0 321,115,400,202,0 350,33,400,99,0
tomato651.png 258,450,385,500,0
tomato652.png 320,153,360,198,0 341,135,396,185,0 375,83,426,127,0 354,56,400,101,0 397,6,446,51,0
tomato653.png 105,79,169,141,0 81,1,151,45,0
tomato654.png 325,340,437,400,0
tomato655.png 220,298,361,445,0 293,172,400,298,0 337,63,400,210,0
tomato656.png 258,64,320,122,0
tomato657.png 0,1,101,99,0 0,42,32,136,0
tomato658.png 360,378,400,480,0 356,158,400,273,0 283,89,354,157,0 338,123,400,185,0 293,8,375,91,0 181,45,222,86,0 138,32,182,74,0 172,2,224,45,0 18,175,49,210,0 10,139,47,173,0 2,100,33,139,0 360,1,400,57,0 69,310,105,356,0
tomato659.png 103,272,186,355,0 168,226,257,320,0 0,1,75,63,0 112,1,207,70,0
tomato66.png 103,75,316,294,0 211,0,400,140,0
tomato660.png 48,48,121,124,0
tomato661.png 135,289,293,400,0 0,176,23,227,0 0,109,42,156,0 25,60,74,115,0 49,9,108,57,0 0,62,18,107,0 0,7,37,65,0 221,169,293,256,0
tomato662.png 97,311,154,365,0 145,222,219,298,0 208,157,282,237,0
tomato663.png 458,11,489,39,0 479,31,500,59,0 463,0,499,13,0
tomato664.png 313,476,344,500,0 353,478,387,500,0
tomato665.png 370,50,405,87,0 387,29,439,72,0 424,0,460,35,0
tomato666.png 424,319,500,400,0 429,180,500,274,0 6,0,114,69,0
tomato667.png 108,90,188,162,0 161,65,232,143,0 124,164,205,227,0 146,227,217,291,0 185,194,256,265,0 167,272,238,333,0 15,299,36,323,0 114,257,143,284,0 116,289,142,311,0 119,314,142,336,0 141,309,173,339,0 141,282,170,310,0 120,384,153,400,0 86,382,109,400,0 209,350,224,365,0 215,342,233,357,0 214,326,234,343,0 202,333,218,350,0 200,348,215,363,0 310,304,355,344,0 315,267,366,308,0 297,226,342,268,0 268,305,312,348,0 420,321,444,346,0 439,333,461,354,0 443,310,466,335,0 419,303,443,322,0 409,331,431,358,0
tomato668.png 192,72,232,115,0 211,28,263,73,0 179,24,217,65,0 211,0,254,28,0 167,0,211,20,0
tomato669.png 14,308,102,393,0 125,161,157,194,0 112,199,138,226,0 148,198,169,226,0 131,232,154,257,0 187,380,227,420,0 182,418,210,445,0
tomato67.png 324,0,400,80,0
tomato670.png 1,229,40,353,0 133,106,202,177,0 200,102,221,125,0 148,35,208,101,0 214,78,242,105,0 214,46,245,75,0 203,17,235,45,0 94,59,147,119,0 173,1,205,23,0 306,95,322,109,0 310,81,329,99,0 311,61,335,83,0 328,24,342,38,0 259,8,272,22,0 333,11,348,24,0 354,213,400,358,0
tomato671.png 211,472,266,500,0 366,240,400,292,0 305,262,352,313,0 314,200,366,255,0 375,181,400,237,0 316,143,378,203,0 377,123,400,176,0 329,68,395,133,0
tomato672.png 131,470,203,500,0 86,428,144,483,0 153,200,218,261,0 225,183,290,233,0 240,118,297,172,0 168,139,238,194,0 168,70,240,142,0 238,57,312,118,0 179,2,251,74,0 75,477,123,500,0
tomato673.png 120,420,217,500,0 136,475,229,500,0 124,321,244,425,0 144,224,238,313,0 116,53,152,99,0 81,22,120,67,0
tomato674.png 39,85,210,244,0 0,205,74,352,0 66,246,239,401,0 0,382,115,500,0 226,224,260,254,0 237,251,272,283,0 231,266,267,294,0 253,289,286,321,0 245,310,273,339,0 259,323,296,356,0 265,361,300,389,0 255,348,286,374,0 237,213,261,235,0 233,191,258,211,0 227,169,253,193,0 229,0,279,38,0 277,16,320,52,0
tomato675.png 444,345,500,398,0 469,373,500,400,0 443,197,472,223,0 450,222,479,246,0 432,235,458,261,0 426,266,445,286,0 422,286,441,303,0 440,268,465,287,0 463,254,483,273,0 474,230,500,255,0 473,265,498,290,0 163,0,193,9,0 50,49,88,87,0
tomato676.png 0,114,90,201,0 45,187,134,262,0
tomato677.png 147,486,195,500,0 110,250,143,300,0
tomato678.png 448,336,500,388,0 442,270,474,300,0 113,239,145,273,0 102,222,126,244,0 87,179,123,212,0 95,164,135,194,0 93,139,130,169,0 95,104,132,139,0 390,20,419,50,0 359,6,391,36,0 385,0,416,13,0
tomato679.png 84,62,122,109,0 118,77,172,126,0 128,36,185,92,0 120,1,174,48,0 71,15,127,62,0
tomato68.png 379,302,467,386,0 421,357,500,400,0 421,253,500,332,0 75,377,97,395,0 64,384,83,400,0 77,356,100,377,0 66,362,85,382,0 140,355,179,392,0 110,338,150,380,0 147,318,189,356,0 120,298,161,338,0 160,272,200,314,0 133,247,175,285,0 140,195,181,235,0 50,319,70,338,0 69,309,91,327,0 52,302,71,322,0 71,287,93,309,0 52,273,75,298,0 74,265,96,285,0 56,253,83,277,0 66,233,86,255,0 88,226,111,248,0 266,351,284,369,0 265,328,286,347,0 268,306,289,329,0 291,301,310,320,0 297,277,315,298,0 301,259,321,278,0 274,283,294,302,0 281,266,301,284,0 178,208,215,247,0 225,204,242,219,0 234,195,246,208,0 236,187,249,198,0 250,181,264,192,0 247,174,257,184,0 434,197,455,215,0 432,223,449,241,0 412,194,430,213,0 56,161,78,183,0 84,119,109,143,0 334,112,357,139,0 431,2,500,59,0
tomato680.png 98,270,184,346,0 90,342,145,411,0 276,78,308,103,0 278,36,317,68,0 272,50,308,89,0
tomato681.png 49,55,105,108,0 91,26,141,79,0 29,110,82,159,0 14,164,65,216,0 48,132,93,174,0 74,83,115,121,0 27,0,46,13,0 234,0,278,16,0
tomato682.png 2,28,387,313,0
tomato683.png 49,345,105,398,0 91,316,141,369,0 74,373,115,400,0 48,197,77,223,0 55,222,84,246,0 37,235,63,261,0 31,266,50,286,0 27,286,46,303,0 45,268,70,287,0 68,254,88,273,0 79,230,105,255,0 78,265,103,290,0 208,230,253,275,0 234,264,278,306,0 210,175,257,227,0 247,199,291,244,0 254,146,301,191,0 217,123,263,157,0 197,145,213,161,0 194,168,211,187,0 196,122,215,140,0 192,190,205,203,0 335,217,357,239,0 347,234,367,255,0 331,244,353,268,0 345,260,367,281,0 215,0,274,41,0 294,0,327,13,0 369,29,388,50,0
tomato684.png 0,17,208,373,0
tomato685.png 109,457,190,500,0 166,402,227,463,0 103,409,159,461,0 155,344,209,394,0 226,336,313,435,0 189,273,273,351,0 305,313,383,395,0
tomato686.png 276,473,308,498,0 278,431,317,463,0 272,445,308,484,0 24,288,134,397,0 29,176,149,290,0 0,134,34,253,0 33,0,149,99,0
tomato687.png 95,342,155,394,0 79,294,132,347,0 68,200,129,265,0 90,244,152,302,0 82,116,150,179,0 274,231,317,273,0 312,252,338,277,0 318,95,334,111,0 326,67,348,89,0 327,39,346,58,0
tomato688.png 147,91,195,136,0
tomato689.png 0,0,89,142,0
tomato69.png 482,102,500,159,0 474,4,500,57,0 39,238,92,278,0 50,212,103,247,0 40,175,97,222,0
tomato690.png 464,101,500,151,0 448,46,500,98,0 442,0,474,10,0
tomato691.png 229,385,279,433,0 201,349,253,399,0 277,411,320,447,0
tomato692.png 163,274,193,299,0 50,339,88,377,0
tomato693.png 116,448,152,494,0 81,417,120,462,0 123,252,158,298,0 127,308,161,345,0 136,273,173,313,0
tomato694.png 211,77,266,134,0 209,135,256,190,0 199,183,252,234,0 275,121,326,179,0 274,177,328,225,0 240,224,301,273,0
tomato695.png 187,0,227,25,0 182,23,210,50,0
tomato696.png 290,242,323,279,0 332,243,366,280,0 309,206,344,247,0
tomato697.png 192,362,232,400,0 211,318,263,363,0 179,314,217,355,0 211,269,254,318,0 167,261,211,310,0
tomato698.png 161,355,232,400,0
tomato699.png 382,10,435,61,0
tomato7.png 0,189,282,500,0 256,228,371,339,0 149,98,282,215,0 210,222,304,331,0
tomato70.png 119,29,206,112,0 150,0,258,38,0 245,0,339,57,0 237,49,300,114,0
tomato700.png 217,203,264,249,0 216,164,256,205,0 244,176,285,219,0 351,171,394,212,0 361,190,401,229,0 347,130,393,174,0 354,88,387,124,0 407,99,445,140,0 216,1,289,32,0 231,221,272,253,0 457,167,500,275,0
tomato701.png 1,94,42,128,0 1,38,36,77,0 350,54,374,80,0 336,35,361,60,0 324,0,355,26,0
tomato702.png 317,150,400,281,0 319,0,400,149,0 192,0,303,67,0 195,72,316,220,0
tomato703.png 155,353,191,388,0 147,311,189,352,0 117,288,159,333,0 185,296,213,331,0 154,285,186,320,0 135,227,185,277,0 302,15,400,154,0 14,11,145,99,0
tomato704.png 334,358,401,400,0 237,149,276,191,0 250,126,285,155,0 214,110,251,144,0 214,47,261,87,0 1,302,34,342,0
tomato705.png 64,80,190,194,0 61,219,169,315,0 6,252,114,359,0 50,0,187,56,0
tomato706.png 370,340,405,377,0 387,319,439,362,0 424,278,460,325,0 399,244,450,294,0 441,204,494,251,0 415,159,463,199,0
tomato707.png 0,29,44,72,0 29,0,65,35,0 458,301,489,329,0 479,321,500,349,0 463,269,499,303,0 457,229,500,270,0 466,58,500,101,0 449,0,491,38,0
tomato708.png 63,168,211,317,0 1,204,147,352,0 72,86,198,204,0 135,1,293,141,0 2,346,80,400,0 4,158,37,199,0
tomato709.png 191,227,255,297,0 143,289,214,345,0 265,207,299,245,0 219,154,239,175,0 221,136,234,154,0 222,120,231,136,0 225,109,238,127,0 228,128,249,148,0
tomato71.png 272,124,304,158,0 279,104,310,127,0
tomato710.png 204,240,316,347,0
tomato711.png 48,338,121,400,0
tomato712.png 1,0,174,107,0 2,115,154,265,0
tomato713.png 0,301,88,400,0 0,128,38,248,0 29,238,75,286,0 49,285,84,321,0 52,197,94,239,0 70,264,99,294,0 93,234,119,258,0 111,247,141,281,0 97,276,122,298,0 120,289,151,319,0
tomato714.png 99,256,122,279,0 82,235,109,261,0 101,222,123,244,0 87,197,115,223,0 106,185,134,214,0 104,161,132,187,0 102,130,130,158,0 91,120,111,137,0 100,98,127,123,0 90,75,108,95,0 101,65,122,83,0 88,105,104,120,0 28,103,54,123,0 50,111,73,131,0 26,74,54,97,0 36,52,65,80,0 57,44,82,70,0 57,87,80,110,0
tomato715.png 0,293,19,339,0 155,378,191,411,0 137,342,175,378,0 172,339,205,378,0 183,306,218,341,0 151,311,182,344,0 171,272,201,306,0 205,270,242,307,0 185,232,218,270,0 126,184,144,201,0 62,154,83,176,0 53,132,77,155,0 111,170,131,189,0 0,89,11,122,0
tomato716.png 341,0,400,76,0 272,30,349,111,0
tomato717.png 78,406,196,500,0
tomato718.png 58,71,163,145,0
tomato719.png 143,1,252,75,0
tomato72.png 1,390,40,493,0 1,316,27,398,0 1,257,23,315,0
tomato720.png 0,352,18,408,0
tomato721.png 259,5,293,36,0 279,20,323,58,0 419,2,446,26,0
tomato722.png 332,283,500,400,0 136,207,321,397,0
tomato723.png 457,359,498,398,0 488,318,500,362,0 453,316,486,353,0 268,373,290,392,0 268,349,291,370,0 262,298,283,320,0 262,319,286,342,0 418,237,463,277,0
tomato724.png 0,272,72,400,0
tomato725.png 1,115,58,182,0 1,25,46,106,0
tomato726.png 287,386,390,490,0 300,273,400,370,0 314,362,400,440,0 305,465,400,500,0 15,0,121,49,0
tomato727.png 291,124,393,221,0 383,132,461,219,0 359,0,458,71,0 242,0,376,55,0
tomato728.png 223,302,344,420,0 305,339,400,444,0 242,202,360,316,0 346,229,400,340,0 253,74,375,186,0 346,113,400,239,0 367,0,400,110,0 0,0,47,42,0
tomato729.png 0,134,60,203,0
tomato73.png 0,281,26,353,0 357,218,400,267,0
tomato730.png 453,169,500,271,0 360,96,469,195,0
tomato731.png 297,347,400,462,0 343,233,400,346,0
tomato732.png 443,338,500,400,0
tomato733.png 354,371,432,400,0 7,65,56,111,0 458,115,475,133,0 473,111,489,125,0 470,87,492,105,0 459,94,478,114,0 472,66,495,87,0 461,72,480,92,0 445,29,465,48,0 464,19,486,37,0 447,12,466,32,0 466,0,488,19,0 447,0,470,8,0 353,0,370,10,0 338,0,357,18,0 345,13,361,26,0 335,23,354,42,0 342,35,359,51,0 335,48,354,66,0
tomato734.png 0,357,49,452,0 121,105,227,226,0 181,28,336,152,0 236,192,294,250,0 244,150,297,196,0
tomato735.png 335,214,350,234,0 348,207,368,229,0 318,193,341,215,0 326,174,352,197,0 352,188,373,211,0 356,165,373,186,0 373,174,390,198,0 361,142,382,161,0 386,130,400,152,0 187,182,211,203,0 188,157,214,182,0 151,118,174,139,0 184,50,207,74,0 242,42,263,62,0 378,30,400,51,0 384,5,400,26,0 370,79,390,101,0 298,136,314,151,0 295,120,318,135,0 248,10,267,22,0 63,112,101,147,0
tomato736.png 295,183,400,417,0 326,8,400,252,0 345,388,397,500,0
tomato737.png 256,238,400,470,0
tomato738.png 281,343,400,500,0 198,399,236,440,0 168,330,210,372,0 160,264,204,314,0
tomato739.png 117,51,164,94,0
tomato74.png 280,134,350,203,0 212,59,248,104,0 237,49,285,98,0 196,17,242,62,0 241,21,283,60,0
tomato740.png 143,13,400,500,0 117,248,149,283,0
tomato741.png 0,14,66,157,0 0,0,27,108,0 368,177,400,231,0 375,133,400,188,0
tomato742.png 464,214,500,325,0
tomato743.png 111,280,133,301,0 107,259,132,279,0 117,232,144,256,0 104,200,132,224,0 0,53,15,79,0 0,9,17,36,0 170,0,201,25,0 144,26,169,50,0
tomato744.png 60,288,97,325,0 53,251,94,294,0 90,240,129,281,0 71,210,110,249,0 101,199,138,236,0 88,164,136,199,0 114,140,166,190,0 277,405,310,447,0 316,403,357,438,0 305,357,338,399,0 340,347,377,386,0 331,305,371,347,0 360,288,400,331,0
tomato745.png 14,337,76,400,0 80,288,142,355,0 85,369,138,400,0 124,273,135,288,0 133,266,148,281,0 121,258,136,272,0 135,244,152,261,0 120,244,134,258,0 131,224,147,240,0
tomato746.png 277,10,310,52,0 316,8,357,43,0
tomato747.png 458,190,500,302,0 456,119,500,202,0 451,47,500,152,0
tomato748.png 349,389,382,400,0 334,357,370,394,0
tomato749.png 0,0,216,153,0
tomato75.png 158,0,188,14,0 152,11,187,44,0
tomato750.png 0,318,41,374,0 0,266,51,325,0 0,207,45,266,0 279,203,317,238,0 281,177,317,206,0 242,146,275,182,0 243,181,273,207,0 246,212,271,238,0 88,251,112,279,0 59,239,87,266,0 136,251,158,274,0 140,230,165,250,0 108,259,133,282,0 305,313,327,333,0 342,289,370,314,0
tomato751.png 36,279,169,419,0 90,218,131,258,0 146,204,190,242,0 143,161,189,201,0 148,124,192,158,0 99,143,132,176,0 93,183,131,216,0
tomato752.png 0,240,99,500,0 279,170,360,270,0 251,83,342,190,0 221,66,323,157,0 199,0,301,97,0 127,0,212,38,0
tomato753.png 0,285,101,433,0 0,40,129,205,0
tomato754.png 135,38,204,97,0 201,53,267,113,0 204,0,269,55,0 125,0,194,36,0
tomato755.png 359,334,400,381,0 350,264,400,325,0 357,189,400,254,0 384,127,400,167,0
tomato756.png 7,355,56,400,0 158,183,173,199,0 163,176,176,190,0 146,166,160,179,0 157,167,169,182,0 470,377,492,395,0 459,384,478,400,0 472,356,495,377,0 461,362,480,382,0 445,319,465,338,0 464,309,486,327,0 447,302,466,322,0 466,287,488,309,0 447,273,470,298,0 469,265,491,285,0 451,253,478,277,0 461,233,481,255,0 483,226,500,248,0 350,264,367,282,0 363,260,380,282,0 353,282,370,300,0 338,290,357,308,0 345,303,361,316,0 335,313,354,332,0 342,325,359,341,0 335,338,354,356,0 341,208,354,221,0 351,203,361,216,0 349,191,362,203,0 351,176,366,191,0 298,184,311,197,0 295,175,309,187,0 307,173,322,187,0 301,156,312,166,0 311,153,323,167,0 302,144,313,156,0 250,157,276,182,0 225,142,248,169,0 78,51,126,95,0 58,29,104,73,0 99,1,149,43,0 70,1,101,23,0 143,110,170,133,0 148,78,177,107,0 161,64,185,89,0 161,38,191,67,0 146,139,158,150,0 231,76,244,91,0 167,160,178,173,0 150,156,162,168,0 193,97,206,108,0 88,131,115,158,0 482,121,500,142,0 455,162,469,181,0 468,166,490,186,0 453,185,469,203,0 410,184,447,213,0
tomato757.png 298,256,338,292,0 281,224,323,261,0 321,215,362,254,0 285,181,330,226,0 332,172,381,218,0 357,133,400,179,0 317,111,359,161,0
tomato758.png 50,481,89,500,0 36,442,77,482,0 58,413,121,465,0 41,383,83,431,0 138,358,201,425,0 146,451,205,500,0
tomato759.png 305,0,400,49,0
tomato76.png 218,469,254,500,0 236,447,271,481,0 229,403,266,442,0 209,355,251,403,0 212,415,250,447,0
tomato760.png 0,323,29,357,0 0,270,29,301,0 0,214,29,264,0
tomato761.png 287,0,390,95,0 314,0,400,45,0 305,70,400,177,0
tomato762.png 9,195,37,231,0
tomato763.png 0,0,72,112,0
tomato764.png 332,0,500,177,0 136,0,321,107,0
tomato765.png 465,49,495,71,0 460,78,489,99,0 449,63,473,87,0
tomato766.png 46,189,76,218,0 11,145,65,198,0 15,88,79,151,0 25,3,91,74,0 10,38,41,70,0 178,237,214,269,0 214,231,248,264,0 221,202,262,239,0 154,137,229,200,0 145,87,222,157,0 168,43,239,109,0 383,226,400,250,0 386,202,400,228,0 207,107,250,143,0 221,61,259,108,0 234,17,272,57,0
tomato767.png 60,356,93,395,0 106,377,143,416,0 108,431,141,462,0 82,455,108,483,0 319,158,379,213,0 288,99,360,159,0 260,124,320,179,0 265,18,328,83,0 231,0,287,20,0 238,55,288,113,0
tomato768.png 78,11,196,117,0
tomato769.png 457,69,498,108,0 488,28,500,72,0 453,26,486,63,0 268,83,290,102,0 268,59,291,80,0 344,126,373,158,0 262,8,283,30,0 262,29,286,52,0
tomato77.png 35,101,88,153,0 79,98,125,152,0 87,54,134,98,0 313,339,413,400,0 362,251,470,358,0 263,298,366,398,0 264,198,372,301,0 243,96,357,206,0 239,192,265,216,0 219,159,252,188,0 213,134,244,163,0 227,197,253,218,0 269,72,288,92,0 271,58,292,77,0 272,41,289,59,0 269,23,290,42,0 258,52,272,67,0 255,68,274,84,0
tomato770.png 103,154,159,204,0 98,95,151,151,0 94,54,153,99,0 32,174,80,226,0
tomato771.png 163,463,225,500,0
tomato772.png 374,145,453,218,0 374,186,465,253,0 373,66,465,141,0 231,52,263,78,0 223,8,253,41,0 351,15,415,61,0 341,3,420,42,0
tomato773.png 17,9,43,35,0 40,2,64,29,0 356,170,382,200,0 368,149,396,178,0 369,120,397,149,0 363,86,388,117,0
tomato774.png 46,162,168,286,0 63,70,189,179,0 22,0,160,106,0
tomato775.png 359,246,458,361,0 242,207,376,345,0 311,70,442,192,0 201,3,343,128,0
tomato776.png 75,237,180,330,0 71,330,172,400,0 112,327,201,400,0 0,168,52,260,0 20,0,104,57,0
tomato777.png 0,0,169,140,0
tomato778.png 160,269,206,311,0 67,218,126,267,0
tomato779.png 184,445,207,469,0 57,268,94,307,0 99,263,136,295,0 109,230,151,267,0 242,437,263,457,0 378,425,400,446,0 384,400,400,421,0 370,474,390,496,0 248,405,267,417,0 245,417,268,439,0 38,359,57,381,0
tomato78.png 356,354,375,370,0 355,335,376,352,0 216,323,229,335,0 211,332,225,346,0
tomato780.png 0,0,49,57,0
tomato781.png 418,285,491,359,0 374,223,449,286,0 429,191,500,272,0 381,128,455,199,0 455,99,500,175,0 416,27,492,104,0
tomato782.png 66,354,85,370,0 65,335,86,352,0
tomato783.png 76,62,176,156,0
tomato784.png 117,341,164,384,0
tomato785.png 23,0,96,69,0
tomato786.png 374,23,409,57,0 346,6,379,39,0 361,0,392,18,0 148,0,182,25,0 118,0,150,28,0 65,0,92,20,0 74,11,102,42,0 98,0,128,26,0
tomato787.png 326,55,400,125,0 336,0,400,63,0
tomato788.png 0,409,66,500,0 0,364,27,500,0
tomato789.png 359,224,400,277,0 351,277,400,333,0 335,321,390,373,0 377,354,400,400,0
tomato79.png 99,0,190,82,0
tomato790.png 116,339,165,381,0 14,47,76,115,0 80,0,142,65,0 85,79,138,140,0
tomato791.png 116,49,165,91,0
tomato792.png 418,124,479,179,0 426,182,481,236,0
tomato793.png 374,313,409,347,0 346,296,379,329,0 335,266,372,299,0 361,278,392,308,0 344,240,379,273,0 148,287,182,315,0 121,230,155,260,0 114,255,146,285,0 118,287,150,318,0 83,240,111,264,0 44,231,77,260,0 38,259,75,288,0 65,282,92,310,0 74,301,102,332,0 98,288,128,316,0 372,168,398,197,0 400,147,424,172,0 388,107,426,145,0 361,140,394,169,0 349,99,382,133,0 334,67,370,104,0 175,134,198,165,0 191,115,217,146,0 161,110,190,139,0 483,181,500,278,0
tomato794.png 76,457,176,500,0
tomato795.png 0,0,75,68,0
tomato796.png 418,0,491,69,0
tomato797.png 330,197,365,228,0
tomato798.png 221,461,323,500,0 199,383,301,492,0 127,339,212,433,0
tomato799.png 410,371,477,400,0 399,298,473,375,0 364,232,450,311,0 333,286,375,318,0
tomato8.png 128,73,167,125,0 146,52,187,98,0 159,5,206,59,0 164,21,211,72,0
tomato80.png 0,168,27,216,0 0,124,41,170,0 0,74,46,125,0 59,208,83,229,0 56,177,81,200,0 55,147,85,176,0 58,105,100,152,0 56,53,101,98,0 107,123,128,143,0 107,93,130,117,0 102,66,129,91,0 316,110,341,134,0 343,70,361,91,0 343,101,361,120,0 396,98,420,117,0 399,39,421,62,0 385,26,405,50,0
tomato800.png 25,215,123,312,0
tomato801.png 50,86,89,123,0 36,47,77,87,0 58,18,121,70,0 41,0,83,36,0 138,0,201,30,0 146,56,205,111,0
tomato802.png 211,325,234,348,0
tomato803.png 41,15,134,101,0
tomato804.png 75,1,180,40,0 71,40,172,153,0 112,37,201,139,0 96,151,199,266,0 143,142,231,239,0 113,256,221,370,0 138,358,250,400,0 165,246,244,339,0
tomato805.png 330,199,359,223,0 317,173,339,196,0 119,249,197,317,0 51,277,120,345,0 99,330,165,390,0 53,175,131,254,0
tomato806.png 63,465,189,500,0 22,371,160,500,0 85,257,217,374,0 136,91,244,206,0
tomato807.png 17,299,43,325,0 40,292,64,319,0 38,270,60,292,0 36,248,62,270,0 33,225,69,249,0 363,376,388,400,0
tomato808.png 201,216,237,254,0
tomato809.png 387,114,485,201,0 440,187,500,262,0 10,175,68,230,0 0,61,27,143,0
tomato81.png 104,0,194,85,0 139,0,235,40,0
tomato810.png 178,288,228,341,0 172,221,230,268,0 150,231,203,292,0 163,68,225,123,0
tomato811.png 265,413,328,478,0 231,357,287,415,0 238,450,288,500,0
tomato812.png 261,137,372,233,0 355,224,400,295,0 306,305,382,374,0
tomato813.png 249,328,289,372,0 231,298,268,334,0 267,293,309,339,0 232,252,275,296,0 222,281,243,300,0 223,235,253,264,0 258,228,286,254,0 267,197,294,226,0 237,191,266,224,0 120,222,141,248,0 93,226,117,250,0 123,196,147,217,0 96,202,119,228,0 352,154,373,176,0 343,132,367,155,0 199,104,233,140,0 169,137,189,162,0 174,115,196,135,0 208,63,245,102,0 266,89,301,122,0
tomato814.png 217,458,289,500,0 303,61,400,226,0
tomato815.png 217,483,250,500,0 183,464,220,500,0 217,433,250,468,0 170,416,209,457,0 196,392,228,427,0 174,349,211,388,0 350,356,383,395,0 372,455,398,483,0
tomato816.png 209,454,289,500,0
tomato817.png 19,42,90,115,0 34,0,93,39,0 356,46,393,84,0 348,10,388,49,0 329,59,359,90,0 310,28,342,60,0 306,0,346,27,0 412,9,438,35,0 435,2,459,29,0
tomato818.png 0,210,18,237,0 28,257,55,280,0 24,292,51,316,0 102,253,119,266,0 114,263,130,277,0
tomato819.png 404,178,451,224,0 406,128,459,175,0 387,150,430,189,0 389,101,428,143,0 418,79,468,124,0 395,46,445,93,0 62,69,103,108,0 93,28,131,72,0 58,26,91,63,0
tomato82.png 69,478,114,500,0
tomato820.png 77,393,170,500,0 81,308,154,377,0 73,189,135,253,0 105,229,156,281,0 100,138,164,196,0 121,194,156,228,0 140,51,163,78,0 122,60,145,83,0
tomato821.png 0,315,169,500,0 0,93,256,357,0
tomato822.png 406,352,449,391,0 427,318,456,341,0 391,268,445,315,0 440,291,470,321,0 451,262,479,289,0 465,201,484,223,0 493,204,500,220,0 480,126,500,143,0 465,134,483,150,0 462,117,481,135,0
tomato823.png 1,11,54,102,0 2,229,27,278,0
tomato824.png 402,355,451,400,0 325,378,348,400,0 302,374,325,399,0 292,345,321,373,0 313,333,341,360,0 290,315,317,344,0 309,306,333,331,0 280,285,315,317,0 19,392,42,400,0 32,383,55,400,0 20,361,44,385,0 29,351,54,377,0 18,337,44,358,0 23,326,47,345,0 74,320,91,337,0 20,293,45,315,0 15,307,37,328,0 39,307,58,330,0 42,287,66,307,0 28,267,49,292,0 3,280,26,304,0 45,254,70,275,0 40,218,67,242,0 70,241,86,255,0 119,236,135,252,0 118,223,135,237,0 106,232,123,247,0 104,215,119,230,0 26,233,48,254,0 9,228,29,246,0 6,220,24,235,0 23,202,45,222,0 6,199,28,219,0 33,177,58,202,0 7,178,26,199,0 18,163,42,184,0 4,155,24,178,0 58,154,71,167,0 55,168,69,183,0 43,146,59,163,0 197,214,213,230,0 192,198,210,217,0 473,51,500,95,0 453,29,499,73,0 465,1,496,23,0
tomato825.png 167,387,400,500,0
tomato826.png 81,116,170,218,0 96,205,177,281,0 60,198,109,232,0
tomato827.png 245,285,391,433,0 101,254,225,404,0 257,40,400,205,0 104,62,240,212,0
tomato828.png 0,4,334,374,0
tomato829.png 135,328,204,387,0 201,343,267,400,0 204,285,269,345,0 125,267,194,326,0 192,232,256,286,0 117,199,184,257,0 106,134,169,195,0 179,156,244,211,0 249,6,296,45,0 200,27,250,69,0 248,49,297,90,0 228,62,271,103,0 258,91,302,125,0 229,108,262,137,0 252,128,295,159,0
tomato83.png 69,224,119,277,0 61,277,120,333,0 45,321,100,373,0 87,354,139,400,0 122,307,177,361,0 229,46,276,92,0 275,17,325,69,0 229,0,282,40,0
tomato830.png 266,370,362,400,0 17,184,44,211,0 44,164,74,194,0 39,130,71,159,0 348,60,447,144,0 335,139,426,220,0 300,241,394,329,0 397,375,430,400,0 446,193,494,237,0 459,148,500,191,0
tomato831.png 167,344,191,372,0 185,335,214,363,0 185,309,210,334,0 337,349,392,400,0 376,318,436,374,0 379,266,446,325,0 376,207,440,266,0 312,181,378,238,0 310,237,374,295,0 318,292,380,349,0 483,251,500,279,0 454,239,482,266,0
tomato832.png 283,481,326,500,0 299,443,342,478,0 334,387,390,428,0
tomato833.png 263,229,359,307,0 260,115,340,204,0 340,137,400,238,0
tomato834.png 0,28,41,84,0 0,0,51,35,0 305,23,327,43,0 342,0,370,24,0
tomato835.png 286,425,334,469,0 199,430,270,500,0 296,292,358,350,0 266,379,310,421,0 313,358,366,407,0 142,268,180,304,0
tomato836.png 43,255,177,375,0 45,81,195,223,0 80,4,226,151,0
tomato837.png 245,308,266,329,0 229,290,253,315,0 241,277,263,298,0 225,273,245,295,0 223,237,246,258,0 227,216,253,242,0
tomato838.png 300,335,406,400,0 292,203,399,303,0 415,266,499,347,0 404,122,500,220,0 280,83,391,186,0 376,0,488,104,0
tomato839.png 280,132,368,221,0 353,168,447,260,0 300,45,406,145,0 415,1,499,57,0 470,239,500,334,0 468,342,500,398,0
tomato84.png 369,78,400,120,0 372,35,400,91,0 327,67,378,109,0
tomato840.png 43,0,177,85,0
tomato841.png 0,251,75,358,0 167,54,191,82,0 185,45,214,73,0 185,19,210,44,0 337,59,392,112,0 376,28,436,84,0 379,0,446,35,0 318,2,380,59,0
tomato842.png 118,330,269,400,0 84,159,239,318,0 0,313,14,347,0 5,147,29,172,0 0,107,31,145,0
tomato843.png 91,1,500,275,0 1,1,124,312,0 30,298,306,400,0
tomato844.png 249,296,296,335,0 200,317,250,359,0 248,339,297,380,0 228,352,271,393,0 258,381,302,400,0 251,237,277,258,0 256,261,275,280,0 254,210,269,226,0 266,149,329,207,0 362,180,404,211,0 359,197,399,224,0 352,144,394,177,0 345,99,391,137,0 341,55,384,97,0 332,77,373,112,0 172,77,222,124,0 80,112,112,143,0 104,129,129,157,0 22,150,54,180,0 1,165,23,190,0 31,177,56,202,0 28,202,52,223,0 4,194,32,215,0 12,108,47,137,0 65,185,78,198,0 244,0,328,53,0
tomato845.png 111,1,389,134,0 3,1,103,114,0
tomato846.png 297,0,400,67,0
tomato847.png 167,0,400,233,0 91,36,367,292,0
tomato848.png 466,40,500,153,0 468,1,500,45,0 492,193,500,248,0
tomato849.png 0,302,54,420,0 15,339,121,444,0 0,202,70,316,0 56,229,146,340,0 0,74,85,186,0 56,113,176,239,0 77,0,170,110,0
tomato85.png 258,478,287,500,0 272,448,305,474,0 240,430,276,461,0 229,385,266,418,0 278,404,307,431,0 255,360,288,388,0 214,338,250,371,0 233,315,265,345,0
tomato850.png 20,457,56,495,0
tomato851.png 152,251,255,371,0 311,231,350,276,0 355,231,393,277,0 338,185,372,226,0 356,140,390,185,0 380,182,400,237,0
tomato852.png 418,369,468,400,0 395,336,445,383,0 62,359,103,398,0 93,318,131,362,0 58,316,91,353,0
tomato853.png 1,315,46,396,0 1,228,42,293,0
tomato854.png 24,2,51,26,0
tomato855.png 196,117,231,152,0 217,88,250,119,0 183,69,220,106,0 217,38,250,73,0 170,21,209,62,0 196,0,228,32,0 372,60,398,88,0 335,310,359,336,0 344,269,370,293,0 326,234,363,262,0
tomato856.png 204,319,286,403,0 307,293,391,383,0 209,59,289,131,0 346,174,400,250,0
tomato857.png 19,332,90,400,0 34,263,93,329,0 356,336,393,374,0 348,300,388,339,0 329,349,359,380,0 310,318,342,350,0 306,289,346,317,0 249,230,269,249,0 272,226,293,249,0 277,210,297,229,0 275,192,292,209,0 278,172,296,191,0 256,201,276,220,0 257,181,275,199,0 412,299,438,325,0 435,292,459,319,0 433,270,455,292,0 431,248,457,270,0 428,225,464,249,0 117,1,176,42,0
tomato858.png 127,66,345,270,0 97,327,284,500,0
tomato859.png 308,280,363,330,0 303,238,355,281,0 268,217,329,271,0
tomato86.png 38,449,80,492,0 8,420,43,455,0 34,381,82,420,0 282,323,319,357,0 249,299,284,338,0 286,270,319,301,0 280,214,319,264,0 247,249,284,288,0 241,207,271,240,0 0,0,30,60,0 0,105,32,168,0
tomato860.png 0,283,115,400,0 221,173,289,241,0 213,96,289,170,0 124,96,200,163,0 150,152,221,222,0
tomato861.png 0,132,66,219,0 0,0,63,71,0
tomato862.png 140,446,163,473,0 122,455,145,478,0 84,87,112,113,0
tomato863.png 230,261,300,333,0
tomato864.png 315,215,400,312,0
tomato865.png 0,285,93,394,0 221,306,269,349,0 237,249,292,303,0 254,271,310,320,0 271,221,321,268,0 402,65,451,111,0 310,107,336,135,0 325,88,348,113,0 305,168,348,213,0 302,84,325,109,0 292,55,321,83,0 313,43,341,70,0 290,25,317,54,0 309,16,333,41,0 280,0,315,27,0 27,121,48,142,0 19,102,42,125,0 32,93,55,114,0 20,71,44,95,0 29,61,54,87,0 18,47,44,68,0 23,36,47,55,0 74,30,91,47,0 20,3,45,25,0 15,17,37,38,0 39,17,58,40,0 42,0,66,17,0 3,0,26,14,0
tomato866.png 341,277,400,345,0 343,175,400,254,0 209,169,263,224,0 203,100,261,155,0 173,54,235,116,0 163,3,212,49,0 100,81,117,98,0 93,62,112,82,0 42,130,74,163,0 59,156,83,182,0 44,174,80,209,0
tomato867.png 275,114,318,149,0 283,86,326,115,0 299,48,342,83,0 334,0,390,33,0
tomato868.png 21,317,97,394,0 92,292,178,372,0 47,222,121,299,0 166,199,241,275,0 246,157,329,239,0 266,80,362,159,0 300,0,394,39,0 382,125,421,165,0 408,153,451,192,0 426,121,462,153,0 397,85,430,123,0
tomato869.png 84,18,176,98,0 93,0,190,24,0 1,0,90,47,0
tomato87.png 46,72,137,161,0 0,6,82,84,0 409,47,471,115,0 475,0,500,65,0 480,79,500,140,0
tomato870.png 0,174,110,297,0 166,1,329,74,0
tomato871.png 78,177,130,231,0 85,133,136,188,0 95,86,151,154,0 110,57,168,107,0 139,14,197,83,0 98,151,155,197,0 115,106,172,165,0 137,77,193,121,0 384,15,397,29,0 379,8,390,20,0 376,1,392,14,0
tomato872.png 324,81,367,122,0 208,151,260,199,0 213,99,272,149,0 176,145,220,195,0 167,103,213,147,0
tomato873.png 69,83,114,114,0 59,118,104,156,0 100,134,141,172,0
tomato874.png 94,168,166,251,0 164,132,258,217,0 286,30,334,74,0 199,35,270,112,0 266,1,310,26,0 134,152,205,248,0
tomato875.png 80,294,226,400,0 48,189,192,312,0 82,79,250,234,0
tomato876.png 38,54,80,97,0 8,25,43,60,0 34,0,82,25,0
tomato877.png 41,107,136,225,0 0,112,95,207,0
tomato878.png 200,238,246,283,0 229,213,274,258,0 252,180,295,218,0 353,444,400,498,0
tomato879.png 38,248,91,304,0 0,217,43,274,0
tomato88.png 14,60,106,152,0 19,1,97,62,0
tomato880.png 294,167,347,236,0 308,96,369,167,0 358,48,400,123,0 353,117,400,202,0 362,291,400,340,0 388,252,400,286,0
tomato881.png 1,70,257,325,0
tomato882.png 110,452,168,500,0 139,409,197,478,0 137,472,193,500,0 384,410,397,424,0 374,381,386,394,0 379,403,390,415,0 376,396,392,409,0
tomato883.png 136,239,152,256,0
tomato884.png 84,308,176,388,0 93,242,190,314,0 85,167,180,261,0 1,250,90,337,0 1,178,69,272,0 1,97,67,182,0
tomato885.png 23,285,96,359,0 0,223,54,286,0 34,191,121,272,0 0,128,60,199,0 60,99,139,175,0 21,27,97,104,0 92,2,178,82,0
tomato886.png 326,450,400,500,0 336,385,400,458,0
tomato887.png 341,345,384,387,0 332,367,373,400,0 172,367,222,400,0 244,273,328,343,0 266,191,353,271,0 254,101,344,190,0 243,11,347,106,0 310,71,393,167,0 293,1,388,72,0 297,162,369,229,0
tomato888.png 20,266,104,347,0 9,122,108,220,0 0,0,93,104,0 221,16,269,59,0 254,0,310,30,0
tomato889.png 290,135,431,266,0 297,257,432,389,0 423,235,500,357,0 429,342,500,400,0 1,47,56,117,0
tomato89.png 241,202,286,244,0 0,389,30,455,0
tomato890.png 20,62,56,100,0 123,276,168,312,0
tomato891.png 0,246,63,361,0 0,70,47,192,0 309,204,330,223,0 289,191,313,213,0 261,128,289,149,0 256,89,279,108,0 253,56,287,82,0 255,24,289,55,0 309,82,325,99,0 297,6,319,24,0 309,21,327,39,0 300,44,323,63,0 310,58,326,74,0
tomato892.png 0,145,58,218,0 0,186,70,253,0 0,66,70,141,0 0,15,20,61,0 0,3,25,42,0
tomato893.png 241,242,400,468,0
tomato894.png 299,195,327,231,0
tomato9.png 303,332,349,378,0 302,386,343,427,0 312,433,355,474,0 307,489,346,500,0 295,457,335,497,0 271,405,302,443,0
tomato90.png 46,362,137,400,0 27,178,154,311,0 0,296,82,374,0 409,337,471,400,0 475,288,500,355,0
tomato91.png 258,83,287,110,0 272,53,305,79,0 240,35,276,66,0 229,0,266,23,0 278,9,307,36,0
tomato92.png 95,174,156,231,0 92,126,152,179,0
tomato93.png 104,374,194,480,0 139,339,235,435,0 137,239,257,315,0 117,285,228,361,0
tomato94.png 11,325,47,359,0
tomato95.png 313,49,413,146,0 362,0,470,68,0 263,8,366,108,0
tomato96.png 386,4,500,374,0
tomato97.png 205,427,221,451,0 183,417,207,443,0
tomato98.png 0,0,40,98,0
tomato99.png 9,48,126,176,0 2,92,87,190,0
